1944
4
-0.0469193 0.0326129 -0.046633 -0.0485682 
-0.0469193 0.0326129 -0.046633 -0.0485682 
-0.0469193 0.0326129 -0.046633 -0.0485682 
-0.0474297 0.0315347 -0.0495511 -0.0474404 
-0.0474297 0.0315347 -0.0495511 -0.0474404 
-0.0474297 0.0315347 -0.0495511 -0.0474404 
-0.0473903 0.0368117 -0.0485315 -0.0552616 
-0.0473903 0.0368117 -0.0485315 -0.0552616 
-0.0473903 0.0368117 -0.0485315 -0.0552616 
-0.0463352 0.0409025 -0.0422024 -0.0601647 
-0.0463352 0.0409025 -0.0422024 -0.0601647 
-0.0463352 0.0409025 -0.0422024 -0.0601647 
-0.0478015 0.00177916 -0.0555763 -0.00331973 
-0.0478015 0.00177916 -0.0555763 -0.00331973 
-0.0478015 0.00177916 -0.0555763 -0.00331973 
-0.0472652 0.00162283 -0.0526273 -0.00300569 
-0.0472652 0.00162283 -0.0526273 -0.00300569 
-0.0472652 0.00162283 -0.0526273 -0.00300569 
-0.0476954 0.0180939 -0.0528168 -0.0276308 
-0.0476954 0.0180939 -0.0528168 -0.0276308 
-0.0476954 0.0180939 -0.0528168 -0.0276308 
-0.0471013 0.0182935 -0.0495737 -0.0275921 
-0.0471013 0.0182935 -0.0495737 -0.0275921 
-0.0471013 0.0182935 -0.0495737 -0.0275921 
-0.0471686 -0.0154402 -0.0541654 0.0221309 
-0.0471686 -0.0154402 -0.0541654 0.0221309 
-0.0471686 -0.0154402 -0.0541654 0.0221309 
-0.0476221 -0.0146939 -0.0565989 0.0212177 
-0.0476221 -0.0146939 -0.0565989 0.0212177 
-0.0476221 -0.0146939 -0.0565989 0.0212177 
-0.047829 0.00174032 -0.0556676 -0.00329621 
-0.047829 0.00174032 -0.0556676 -0.00329621 
-0.047829 0.00174032 -0.0556676 -0.00329621 
-0.0452282 -0.0317098 -0.0456438 0.0449036 
-0.0452282 -0.0317098 -0.0456438 0.0449036 
-0.0452282 -0.0317098 -0.0456438 0.0449036 
-0.0477253 -0.0145425 -0.0571012 0.0210374 
-0.0477253 -0.0145425 -0.0571012 0.0210374 
-0.0477253 -0.0145425 -0.0571012 0.0210374 
-0.0474153 -0.0333714 -0.0575263 0.049039 
-0.0474153 -0.0333714 -0.0575263 0.049039 
-0.0474153 -0.0333714 -0.0575263 0.049039 
-0.0475304 -0.027416 -0.0574851 0.0402174 
-0.0475304 -0.027416 -0.0574851 0.0402174 
-0.0475304 -0.027416 -0.0574851 0.0402174 
-0.04749 -0.0272818 -0.0572907 0.0399921 
-0.04749 -0.0272818 -0.0572907 0.0399921 
-0.04749 -0.0272818 -0.0572907 0.0399921 
-0.0468546 -0.0287124 -0.0539312 0.0417117 
-0.0468546 -0.0287124 -0.0539312 0.0417117 
-0.0468546 -0.0287124 -0.0539312 0.0417117 
-0.0472782 -0.0328223 -0.0566505 0.0480817 
-0.0472782 -0.0328223 -0.0566505 0.0480817 
-0.0472782 -0.0328223 -0.0566505 0.0480817 
-0.0464653 -0.0370595 -0.0525483 0.053687 
-0.0464653 -0.0370595 -0.0525483 0.053687 
-0.0464653 -0.0370595 -0.0525483 0.053687 
-0.0475025 0.0312457 -0.0497819 -0.0470793 
-0.0475025 0.0312457 -0.0497819 -0.0470793 
-0.0475025 0.0312457 -0.0497819 -0.0470793 
-0.0472672 0.0363949 -0.0477533 -0.0544816 
-0.0472672 0.0363949 -0.0477533 -0.0544816 
-0.0472672 0.0363949 -0.0477533 -0.0544816 
-0.0461458 0.0412402 -0.0408307 -0.0604244 
-0.0461458 0.0412402 -0.0408307 -0.0604244 
-0.0461458 0.0412402 -0.0408307 -0.0604244 
-0.0476027 0.0311026 -0.0504716 -0.0469289 
-0.0476027 0.0311026 -0.0504716 -0.0469289 
-0.0476027 0.0311026 -0.0504716 -0.0469289 
-0.0466372 0.0320214 -0.0448171 -0.0473233 
-0.0466372 0.0320214 -0.0448171 -0.0473233 
-0.0466372 0.0320214 -0.0448171 -0.0473233 
-0.0472538 0.0381155 -0.0475206 -0.0570062 
-0.0472538 0.0381155 -0.0475206 -0.0570062 
-0.0472538 0.0381155 -0.0475206 -0.0570062 
-0.0464882 0.0405584 -0.0429677 -0.0598061 
-0.0464882 0.0405584 -0.0429677 -0.0598061 
-0.0464882 0.0405584 -0.0429677 -0.0598061 
-0.0477681 0.0181574 -0.0531168 -0.027764 
-0.0477681 0.0181574 -0.0531168 -0.027764 
-0.0477681 0.0181574 -0.0531168 -0.027764 
-0.0464663 -0.0367498 -0.0525836 0.0532259 
-0.0464663 -0.0367498 -0.0525836 0.0532259 
-0.0464663 -0.0367498 -0.0525836 0.0532259 
-0.0457949 -0.0413818 -0.0495163 0.0593931 
-0.0457949 -0.0413818 -0.0495163 0.0593931 
-0.0457949 -0.0413818 -0.0495163 0.0593931 
-0.0476515 0.0182365 -0.0523386 -0.0277587 
-0.0476515 0.0182365 -0.0523386 -0.0277587 
-0.0476515 0.0182365 -0.0523386 -0.0277587 
-0.0470061 0.0185511 -0.0485251 -0.0279625 
-0.0470061 0.0185511 -0.0485251 -0.0279625 
-0.0470061 0.0185511 -0.0485251 -0.0279625 
-0.046232 0.00132097 -0.0466281 -0.00271614 
-0.046232 0.00132097 -0.0466281 -0.00271614 
-0.046232 0.00132097 -0.0466281 -0.00271614 
-0.0476515 0.00171427 -0.0546048 -0.00323203 
-0.0476515 0.00171427 -0.0546048 -0.00323203 
-0.0476515 0.00171427 -0.0546048 -0.00323203 
-0.0468695 0.00156973 -0.0501609 -0.00298609 
-0.0468695 0.00156973 -0.0501609 -0.00298609 
-0.0468695 0.00156973 -0.0501609 -0.00298609 
-0.047506 -0.0145327 -0.055812 0.0209908 
-0.047506 -0.0145327 -0.055812 0.0209908 
-0.047506 -0.0145327 -0.055812 0.0209908 
-0.0459106 -0.0298013 -0.0485977 0.0426514 
-0.0459106 -0.0298013 -0.0485977 0.0426514 
-0.0459106 -0.0298013 -0.0485977 0.0426514 
-0.0461044 -0.0153075 -0.048016 0.021663 
-0.0461044 -0.0153075 -0.048016 0.021663 
-0.0461044 -0.0153075 -0.048016 0.021663 
-0.0465799 -0.0287055 -0.0522242 0.0414457 
-0.0465799 -0.0287055 -0.0522242 0.0414457 
-0.0465799 -0.0287055 -0.0522242 0.0414457 
-0.0468172 -0.0148468 -0.0519253 0.0213166 
-0.0468172 -0.0148468 -0.0519253 0.0213166 
-0.0468172 -0.0148468 -0.0519253 0.0213166 
-0.0470325 -0.0347381 -0.0554354 0.0507102 
-0.0470325 -0.0347381 -0.0554354 0.0507102 
-0.0470325 -0.0347381 -0.0554354 0.0507102 
-0.0472144 -0.0276131 -0.0556863 0.0402694 
-0.0472144 -0.0276131 -0.0556863 0.0402694 
-0.0472144 -0.0276131 -0.0556863 0.0402694 
-0.0458956 0.0443384 -0.0393913 -0.0646569 
-0.0458956 0.0443384 -0.0393913 -0.0646569 
-0.0458956 0.0443384 -0.0393913 -0.0646569 
-0.0455293 0.00143699 -0.0434641 -0.00259219 
-0.0455293 0.00143699 -0.0434641 -0.00259219 
-0.0455293 0.00143699 -0.0434641 -0.00259219 
-0.0428169 0.000985199 -0.0303174 -0.001702 
-0.0428169 0.000985199 -0.0303174 -0.001702 
-0.0428169 0.000985199 -0.0303174 -0.001702 
-0.0428602 0.0379744 -0.0258151 -0.052491 
-0.0428602 0.0379744 -0.0258151 -0.052491 
-0.0428602 0.0379744 -0.0258151 -0.052491 
-0.0455024 0.0195142 -0.0410281 -0.0285097 
-0.0455024 0.0195142 -0.0410281 -0.0285097 
-0.0455024 0.0195142 -0.0410281 -0.0285097 
-0.042783 0.0191352 -0.027957 -0.0266157 
-0.042783 0.0191352 -0.027957 -0.0266157 
-0.042783 0.0191352 -0.027957 -0.0266157 
-0.0453877 -0.0165503 -0.0449162 0.0233214 
-0.0453877 -0.0165503 -0.0449162 0.0233214 
-0.0453877 -0.0165503 -0.0449162 0.0233214 
-0.0431588 -0.0389164 -0.0362238 0.053343 
-0.0431588 -0.0389164 -0.0362238 0.053343 
-0.0431588 -0.0389164 -0.0362238 0.053343 
-0.0428662 -0.0346064 -0.0345046 0.0472018 
-0.0428662 -0.0346064 -0.0345046 0.0472018 
-0.0428662 -0.0346064 -0.0345046 0.0472018 
-0.0449531 -0.0427962 -0.0452982 0.0605915 
-0.0449531 -0.0427962 -0.0452982 0.0605915 
-0.0449531 -0.0427962 -0.0452982 0.0605915 
-0.0458079 -0.0409998 -0.0494716 0.0588517 
-0.0458079 -0.0409998 -0.0494716 0.0588517 
-0.0458079 -0.0409998 -0.0494716 0.0588517 
-0.0457436 0.0451864 -0.0383957 -0.065698 
-0.0457436 0.0451864 -0.0383957 -0.065698 
-0.0457436 0.0451864 -0.0383957 -0.065698 
-0.0448544 0.0465826 -0.0337574 -0.066597 
-0.0448544 0.0465826 -0.0337574 -0.066597 
-0.0448544 0.0465826 -0.0337574 -0.066597 
-0.0456329 0.0451191 -0.0374899 -0.0654706 
-0.0456329 0.0451191 -0.0374899 -0.0654706 
-0.0456329 0.0451191 -0.0374899 -0.0654706 
-0.0456369 0.0447808 -0.0377089 -0.0649645 
-0.0456369 0.0447808 -0.0377089 -0.0649645 
-0.0456369 0.0447808 -0.0377089 -0.0649645 
-0.0447742 0.0460733 -0.0332026 -0.0657234 
-0.0447742 0.0460733 -0.0332026 -0.0657234 
-0.0447742 0.0460733 -0.0332026 -0.0657234 
-0.0428513 0.0480078 -0.0245058 -0.065941 
-0.0428513 0.0480078 -0.0245058 -0.065941 
-0.0428513 0.0480078 -0.0245058 -0.065941 
-0.0456818 -0.0380339 -0.0481608 0.0545218 
-0.0456818 -0.0380339 -0.0481608 0.0545218 
-0.0456818 -0.0380339 -0.0481608 0.0545218 
-0.0462036 -0.0369366 -0.0510008 0.0532945 
-0.0462036 -0.0369366 -0.0510008 0.0532945 
-0.0462036 -0.0369366 -0.0510008 0.0532945 
-0.04294 -0.0453757 -0.0361718 0.0620029 
-0.04294 -0.0453757 -0.0361718 0.0620029 
-0.04294 -0.0453757 -0.0361718 0.0620029 
-0.0456768 -0.0413258 -0.0486189 0.0592525 
-0.0456768 -0.0413258 -0.0486189 0.0592525 
-0.0456768 -0.0413258 -0.0486189 0.0592525 
-0.045449 -0.0411596 -0.0473061 0.0588268 
-0.045449 -0.0411596 -0.0473061 0.0588268 
-0.045449 -0.0411596 -0.0473061 0.0588268 
-0.0447782 -0.0429732 -0.0441921 0.0607257 
-0.0447782 -0.0429732 -0.0441921 0.0607257 
-0.0447782 -0.0429732 -0.0441921 0.0607257 
-0.0446316 -0.0424339 -0.0432294 0.0598453 
-0.0446316 -0.0424339 -0.0432294 0.0598453 
-0.0446316 -0.0424339 -0.0432294 0.0598453 
-0.0456927 0.0414423 -0.0383422 -0.060201 
-0.0456927 0.0414423 -0.0383422 -0.060201 
-0.0456927 0.0414423 -0.0383422 -0.060201 
-0.0444706 0.0458909 -0.0315124 -0.0651424 
-0.0444706 0.0458909 -0.0315124 -0.0651424 
-0.0444706 0.0458909 -0.0315124 -0.0651424 
-0.0443784 0.0419988 -0.0315065 -0.0594539 
-0.0443784 0.0419988 -0.0315065 -0.0594539 
-0.0443784 0.0419988 -0.0315065 -0.0594539 
-0.0449616 -0.0163 -0.0420428 0.0227188 
-0.0449616 -0.0163 -0.0420428 0.0227188 
-0.0449616 -0.0163 -0.0420428 0.0227188 
-0.0446869 0.0341782 -0.0341791 -0.0486716 
-0.0446869 0.0341782 -0.0341791 -0.0486716 
-0.0446869 0.0341782 -0.0341791 -0.0486716 
-0.0457775 0.032895 -0.0400335 -0.0478745 
-0.0457775 0.032895 -0.0400335 -0.0478745 
-0.0457775 0.032895 -0.0400335 -0.0478745 
-0.041987 0.0426069 -0.0200177 -0.0574339 
-0.041987 0.0426069 -0.0200177 -0.0574339 
-0.041987 0.0426069 -0.0200177 -0.0574339 
-0.0449302 0.00136866 -0.0397845 -0.0023874 
-0.0449302 0.00136866 -0.0397845 -0.0023874 
-0.0449302 0.00136866 -0.0397845 -0.0023874 
-0.0461328 0.0186067 -0.0438887 -0.02767 
-0.0461328 0.0186067 -0.0438887 -0.02767 
-0.0461328 0.0186067 -0.0438887 -0.02767 
-0.0448245 0.0191868 -0.0370309 -0.0276425 
-0.0448245 0.0191868 -0.0370309 -0.0276425 
-0.0448245 0.0191868 -0.0370309 -0.0276425 
-0.0444975 -0.0316862 -0.0412711 0.0443872 
-0.0444975 -0.0316862 -0.0412711 0.0443872 
-0.0444975 -0.0316862 -0.0412711 0.0443872 
-0.0443949 -0.0389572 -0.0415308 0.0546952 
-0.0443949 -0.0389572 -0.0415308 0.0546952 
-0.0443949 -0.0389572 -0.0415308 0.0546952 
-0.0417358 -0.0431241 -0.0291372 0.0577024 
-0.0417358 -0.0431241 -0.0291372 0.0577024 
-0.0417358 -0.0431241 -0.0291372 0.0577024 
-0.0420872 -0.0402137 -0.0301765 0.054245 
-0.0420872 -0.0402137 -0.0301765 0.054245 
-0.0420872 -0.0402137 -0.0301765 0.054245 
-0.0428543 0.0482915 -0.0243816 -0.0664113 
-0.0428543 0.0482915 -0.0243816 -0.0664113 
-0.0428543 0.0482915 -0.0243816 -0.0664113 
-0.0448145 0.0435036 -0.0340696 -0.0622303 
-0.0448145 0.0435036 -0.0340696 -0.0622303 
-0.0448145 0.0435036 -0.0340696 -0.0622303 
-0.0445888 0.0466121 -0.032587 -0.0663128 
-0.0445888 0.0466121 -0.032587 -0.0663128 
-0.0445888 0.0466121 -0.032587 -0.0663128 
-0.0439702 0.0483018 -0.0293159 -0.0679354 
-0.0439702 0.0483018 -0.0293159 -0.0679354 
-0.0439702 0.0483018 -0.0293159 -0.0679354 
-0.0444582 0.0457316 -0.0319498 -0.0649523 
-0.0444582 0.0457316 -0.0319498 -0.0649523 
-0.0444582 0.0457316 -0.0319498 -0.0649523 
-0.045289 0.0349362 -0.0377757 -0.0503099 
-0.045289 0.0349362 -0.0377757 -0.0503099 
-0.045289 0.0349362 -0.0377757 -0.0503099 
-0.0441342 0.0420278 -0.0310003 -0.0593985 
-0.0441342 0.0420278 -0.0310003 -0.0593985 
-0.0441342 0.0420278 -0.0310003 -0.0593985 
-0.0428458 0.0413125 -0.0252633 -0.0570189 
-0.0428458 0.0413125 -0.0252633 -0.0570189 
-0.0428458 0.0413125 -0.0252633 -0.0570189 
-0.0444342 -0.0373127 -0.0422043 0.0522436 
-0.0444342 -0.0373127 -0.0422043 0.0522436 
-0.0444342 -0.0373127 -0.0422043 0.0522436 
-0.0450722 -0.0396784 -0.0455245 0.0562331 
-0.0450722 -0.0396784 -0.0455245 0.0562331 
-0.0450722 -0.0396784 -0.0455245 0.0562331 
-0.0447537 -0.0433665 -0.0443983 0.0612235 
-0.0447537 -0.0433665 -0.0443983 0.0612235 
-0.0447537 -0.0433665 -0.0443983 0.0612235 
-0.0441282 -0.0447199 -0.041437 0.0624787 
-0.0441282 -0.0447199 -0.041437 0.0624787 
-0.0441282 -0.0447199 -0.041437 0.0624787 
-0.0444572 -0.041373 -0.0426585 0.0581154 
-0.0444572 -0.041373 -0.0426585 0.0581154 
-0.0444572 -0.041373 -0.0426585 0.0581154 
-0.0429121 -0.0179347 -0.0329464 0.0243057 
-0.0429121 -0.0179347 -0.0329464 0.0243057 
-0.0429121 -0.0179347 -0.0329464 0.0243057 
-0.039169 -0.0186583 -0.0170112 0.0239519 
-0.039169 -0.0186583 -0.0170112 0.0239519 
-0.039169 -0.0186583 -0.0170112 0.0239519 
-0.0426574 -0.0451643 -0.0346023 0.0615062 
-0.0426574 -0.0451643 -0.0346023 0.0615062 
-0.0426574 -0.0451643 -0.0346023 0.0615062 
-0.0389557 0.000768888 -0.0140288 -0.00121942 
-0.0389557 0.000768888 -0.0140288 -0.00121942 
-0.0389557 0.000768888 -0.0140288 -0.00121942 
-0.0388445 -0.0433689 -0.0173122 0.0547467 
-0.0388445 -0.0433689 -0.0173122 0.0547467 
-0.0388445 -0.0433689 -0.0173122 0.0547467 
-0.0423529 -0.0442243 -0.0328295 0.0598424 
-0.0423529 -0.0442243 -0.0328295 0.0598424 
-0.0423529 -0.0442243 -0.0328295 0.0598424 
-0.0413306 -0.0406862 -0.0266742 0.0542234 
-0.0413306 -0.0406862 -0.0266742 0.0542234 
-0.0413306 -0.0406862 -0.0266742 0.0542234 
-0.0407918 -0.0427613 -0.0247027 0.0562934 
-0.0407918 -0.0427613 -0.0247027 0.0562934 
-0.0407918 -0.0427613 -0.0247027 0.0562934 
-0.0389058 -0.0428109 -0.0168679 0.054266 
-0.0389058 -0.0428109 -0.0168679 0.054266 
-0.0389058 -0.0428109 -0.0168679 0.054266 
-0.0421161 0.000887368 -0.0258686 -0.00136542 
-0.0421161 0.000887368 -0.0258686 -0.00136542 
-0.0421161 0.000887368 -0.0258686 -0.00136542 
-0.0420912 -0.0165832 -0.0278058 0.0221387 
-0.0420912 -0.0165832 -0.0278058 0.0221387 
-0.0420912 -0.0165832 -0.0278058 0.0221387 
-0.0374744 0.000130278 -0.00517294 0.000225365 
-0.0374744 0.000130278 -0.00517294 0.000225365 
-0.0374744 0.000130278 -0.00517294 0.000225365 
-0.0381333 -0.031841 -0.0123091 0.0397917 
-0.0381333 -0.031841 -0.0123091 0.0397917 
-0.0381333 -0.031841 -0.0123091 0.0397917 
-0.0435954 -0.0350562 -0.0369612 0.0484237 
-0.0435954 -0.0350562 -0.0369612 0.0484237 
-0.0435954 -0.0350562 -0.0369612 0.0484237 
-0.0428682 -0.0395564 -0.0338502 0.0541044 
-0.0428682 -0.0395564 -0.0338502 0.0541044 
-0.0428682 -0.0395564 -0.0338502 0.0541044 
-0.0415105 -0.0364327 -0.0271568 0.0486574 
-0.0415105 -0.0364327 -0.0271568 0.0486574 
-0.0415105 -0.0364327 -0.0271568 0.0486574 
-0.0378402 -0.0330135 -0.0108815 0.0411091 
-0.0378402 -0.0330135 -0.0108815 0.0411091 
-0.0378402 -0.0330135 -0.0108815 0.0411091 
-0.038529 -0.03999 -0.0150141 0.0503432 
-0.038529 -0.03999 -0.0150141 0.0503432 
-0.038529 -0.03999 -0.0150141 0.0503432 
-0.0433123 0.0390958 -0.0265152 -0.0543263 
-0.0433123 0.0390958 -0.0265152 -0.0543263 
-0.0433123 0.0390958 -0.0265152 -0.0543263 
-0.0415983 0.0425022 -0.0181512 -0.0568783 
-0.0415983 0.0425022 -0.0181512 -0.0568783 
-0.0415983 0.0425022 -0.0181512 -0.0568783 
-0.043262 0.0417554 -0.0259879 -0.0578616 
-0.043262 0.0417554 -0.0259879 -0.0578616 
-0.043262 0.0417554 -0.0259879 -0.0578616 
-0.0414931 0.0390751 -0.0180294 -0.0523201 
-0.0414931 0.0390751 -0.0180294 -0.0523201 
-0.0414931 0.0390751 -0.0180294 -0.0523201 
-0.0385699 0.0416217 -0.00586122 -0.0519026 
-0.0385699 0.0416217 -0.00586122 -0.0519026 
-0.0385699 0.0416217 -0.00586122 -0.0519026 
-0.0381627 0.0333852 -0.00537029 -0.0412277 
-0.0381627 0.0333852 -0.00537029 -0.0412277 
-0.0381627 0.0333852 -0.00537029 -0.0412277 
-0.0378522 0.0344677 -0.00350181 -0.0423467 
-0.0378522 0.0344677 -0.00350181 -0.0423467 
-0.0378522 0.0344677 -0.00350181 -0.0423467 
-0.0406124 0.0449042 -0.013561 -0.0587053 
-0.0406124 0.0449042 -0.013561 -0.0587053 
-0.0406124 0.0449042 -0.013561 -0.0587053 
-0.0399321 0.0482792 -0.012775 -0.0623459 
-0.0399321 0.0482792 -0.012775 -0.0623459 
-0.0399321 0.0482792 -0.012775 -0.0623459 
-0.0404659 0.0460881 -0.0147623 -0.0602637 
-0.0404659 0.0460881 -0.0147623 -0.0602637 
-0.0404659 0.0460881 -0.0147623 -0.0602637 
-0.0402336 0.0426413 -0.0143749 -0.0556844 
-0.0402336 0.0426413 -0.0143749 -0.0556844 
-0.0402336 0.0426413 -0.0143749 -0.0556844 
-0.0428249 0.0456869 -0.0246163 -0.0628775 
-0.0428249 0.0456869 -0.0246163 -0.0628775 
-0.0428249 0.0456869 -0.0246163 -0.0628775 
-0.0394082 0.0371421 -0.0122463 -0.047532 
-0.0394082 0.0371421 -0.0122463 -0.047532 
-0.0394082 0.0371421 -0.0122463 -0.047532 
-0.0395293 -0.0347828 -0.0207143 0.044542 
-0.0395293 -0.0347828 -0.0207143 0.044542 
-0.0395293 -0.0347828 -0.0207143 0.044542 
-0.0404903 -0.043482 -0.0252334 0.056895 
-0.0404903 -0.043482 -0.0252334 0.056895 
-0.0404903 -0.043482 -0.0252334 0.056895 
-0.0403383 -0.0392153 -0.0242952 0.0511428 
-0.0403383 -0.0392153 -0.0242952 0.0511428 
-0.0403383 -0.0392153 -0.0242952 0.0511428 
-0.0404624 -0.0456884 -0.0254656 0.0597125 
-0.0404624 -0.0456884 -0.0254656 0.0597125 
-0.0404624 -0.0456884 -0.0254656 0.0597125 
-0.04293 -0.0430415 -0.0356872 0.0589414 
-0.04293 -0.0430415 -0.0356872 0.0589414 
-0.04293 -0.0430415 -0.0356872 0.0589414 
-0.0428931 -0.045359 -0.0358409 0.0620122 
-0.0428931 -0.045359 -0.0358409 0.0620122 
-0.0428931 -0.045359 -0.0358409 0.0620122 
-0.0394336 0.0474769 -0.0105776 -0.0603568 
-0.0394336 0.0474769 -0.0105776 -0.0603568 
-0.0394336 0.0474769 -0.0105776 -0.0603568 
-0.0426998 0.0477959 -0.0237498 -0.0653036 
-0.0426998 0.0477959 -0.0237498 -0.0653036 
-0.0426998 0.0477959 -0.0237498 -0.0653036 
-0.0391196 0.0187876 -0.0129346 -0.0239725 
-0.0391196 0.0187876 -0.0129346 -0.0239725 
-0.0391196 0.0187876 -0.0129346 -0.0239725 
-0.0340134 -0.0177862 0.000922459 0.0201805 
-0.0340134 -0.0177862 0.000922459 0.0201805 
-0.0340134 -0.0177862 0.000922459 0.0201805 
-0.0339865 5.40778e-005 0.00338693 0.000140608 
-0.0339865 5.40778e-005 0.00338693 0.000140608 
-0.0339865 5.40778e-005 0.00338693 0.000140608 
-0.0393883 -0.045007 -0.0211071 0.0573217 
-0.0393883 -0.045007 -0.0211071 0.0573217 
-0.0393883 -0.045007 -0.0211071 0.0573217 
-0.034767 -0.0449937 -0.00500455 0.0515298 
-0.034767 -0.0449937 -0.00500455 0.0515298 
-0.034767 -0.0449937 -0.00500455 0.0515298 
-0.0389736 -0.0443015 -0.0189411 0.0558774 
-0.0389736 -0.0443015 -0.0189411 0.0558774 
-0.0389736 -0.0443015 -0.0189411 0.0558774 
-0.0423733 0.0466986 -0.0220413 -0.0633478 
-0.0423733 0.0466986 -0.0220413 -0.0633478 
-0.0423733 0.0466986 -0.0220413 -0.0633478 
-0.0389537 0.0460089 -0.00858294 -0.0576529 
-0.0389537 0.0460089 -0.00858294 -0.0576529 
-0.0389537 0.0460089 -0.00858294 -0.0576529 
-0.0416596 0.045181 -0.0186505 -0.0604146 
-0.0416596 0.045181 -0.0186505 -0.0604146 
-0.0416596 0.045181 -0.0186505 -0.0604146 
-0.0388101 0.0449052 -0.00726038 -0.056118 
-0.0388101 0.0449052 -0.00726038 -0.056118 
-0.0388101 0.0449052 -0.00726038 -0.056118 
-0.0421819 0.0187139 -0.0241067 -0.0257382 
-0.0421819 0.0187139 -0.0241067 -0.0257382 
-0.0421819 0.0187139 -0.0241067 -0.0257382 
-0.0377276 0.0175364 -0.00448514 -0.021637 
-0.0377276 0.0175364 -0.00448514 -0.021637 
-0.0377276 0.0175364 -0.00448514 -0.021637 
-0.0420035 0.0347219 -0.0212436 -0.0470274 
-0.0420035 0.0347219 -0.0212436 -0.0470274 
-0.0420035 0.0347219 -0.0212436 -0.0470274 
-0.0357409 0.0168241 0.00410418 -0.0190889 
-0.0357409 0.0168241 0.00410418 -0.0190889 
-0.0357409 0.0168241 0.00410418 -0.0190889 
-0.0421007 -0.0318646 -0.0296331 0.0428998 
-0.0421007 -0.0318646 -0.0296331 0.0428998 
-0.0421007 -0.0318646 -0.0296331 0.0428998 
-0.0378138 -0.016861 -0.00882105 0.0208267 
-0.0378138 -0.016861 -0.00882105 0.0208267 
-0.0378138 -0.016861 -0.00882105 0.0208267 
-0.033338 -0.016419 0.00958395 0.0185486 
-0.033338 -0.016419 0.00958395 0.0185486 
-0.033338 -0.016419 0.00958395 0.0185486 
-0.03869 0.0476853 -0.00810036 -0.0599536 
-0.03869 0.0476853 -0.00810036 -0.0599536 
-0.03869 0.0476853 -0.00810036 -0.0599536 
-0.0347082 0.0456972 0.0047635 -0.0511932 
-0.0347082 0.0456972 0.0047635 -0.0511932 
-0.0347082 0.0456972 0.0047635 -0.0511932 
-0.0405092 0.0480245 -0.0147893 -0.0628706 
-0.0405092 0.0480245 -0.0147893 -0.0628706 
-0.0405092 0.0480245 -0.0147893 -0.0628706 
-0.0374848 0.0388756 -0.00492747 -0.0480832 
-0.0374848 0.0388756 -0.00492747 -0.0480832 
-0.0374848 0.0388756 -0.00492747 -0.0480832 
-0.0378218 0.044508 -0.00560054 -0.0548437 
-0.0378218 0.044508 -0.00560054 -0.0548437 
-0.0378218 0.044508 -0.00560054 -0.0548437 
-0.0348776 0.0339628 0.00302266 -0.0389123 
-0.0348776 0.0339628 0.00302266 -0.0389123 
-0.0348776 0.0339628 0.00302266 -0.0389123 
-0.0357334 0.0426644 0.000878275 -0.0496828 
-0.0357334 0.0426644 0.000878275 -0.0496828 
-0.0357334 0.0426644 0.000878275 -0.0496828 
-0.0343887 0.0184646 0.00371193 -0.0206773 
-0.0343887 0.0184646 0.00371193 -0.0206773 
-0.0343887 0.0184646 0.00371193 -0.0206773 
-0.0385061 -0.0395191 -0.0171158 0.0497382 
-0.0385061 -0.0395191 -0.0171158 0.0497382 
-0.0385061 -0.0395191 -0.0171158 0.0497382 
-0.0381417 -0.0443281 -0.0166067 0.0553057 
-0.0381417 -0.0443281 -0.0166067 0.0553057 
-0.0381417 -0.0443281 -0.0166067 0.0553057 
-0.0378188 -0.0458865 -0.0156749 0.0567235 
-0.0378188 -0.0458865 -0.0156749 0.0567235 
-0.0378188 -0.0458865 -0.0156749 0.0567235 
-0.0399834 -0.0465998 -0.0239353 0.0602715 
-0.0399834 -0.0465998 -0.0239353 0.0602715 
-0.0399834 -0.0465998 -0.0239353 0.0602715 
-0.0278724 -0.032661 0.0157014 0.0310608 
-0.0278724 -0.032661 0.0157014 0.0310608 
-0.0278724 -0.032661 0.0157014 0.0310608 
-0.0348961 -0.0336516 -0.00422446 0.0389892 
-0.0348961 -0.0336516 -0.00422446 0.0389892 
-0.0348961 -0.0336516 -0.00422446 0.0389892 
-0.0363001 -0.0452946 -0.0105015 0.0540098 
-0.0363001 -0.0452946 -0.0105015 0.0540098 
-0.0363001 -0.0452946 -0.0105015 0.0540098 
-0.0279646 -0.0438453 0.0135389 0.0409891 
-0.0279646 -0.0438453 0.0135389 0.0409891 
-0.0279646 -0.0438453 0.0135389 0.0409891 
-0.0385858 0.0447435 -0.0056133 -0.0557628 
-0.0385858 0.0447435 -0.0056133 -0.0557628 
-0.0385858 0.0447435 -0.0056133 -0.0557628 
-0.0365264 0.0436801 0.00164658 -0.0514779 
-0.0365264 0.0436801 0.00164658 -0.0514779 
-0.0365264 0.0436801 0.00164658 -0.0514779 
-0.0347401 0.038295 0.00722061 -0.0428145 
-0.0347401 0.038295 0.00722061 -0.0428145 
-0.0347401 0.038295 0.00722061 -0.0428145 
-0.0281062 0.0377856 0.0245176 -0.0330552 
-0.0281062 0.0377856 0.0245176 -0.0330552 
-0.0281062 0.0377856 0.0245176 -0.0330552 
-0.0352559 0.0435518 0.00499522 -0.0494849 
-0.0352559 0.0435518 0.00499522 -0.0494849 
-0.0352559 0.0435518 0.00499522 -0.0494849 
-0.027838 0.0416124 0.0238833 -0.0362843 
-0.027838 0.0416124 0.0238833 -0.0362843 
-0.027838 0.0416124 0.0238833 -0.0362843 
-0.0275569 0.04401 0.0227866 -0.038439 
-0.0275569 0.04401 0.0227866 -0.038439 
-0.0275569 0.04401 0.0227866 -0.038439 
-0.0343727 0.0449156 0.00645672 -0.0495882 
-0.0343727 0.0449156 0.00645672 -0.0495882 
-0.0343727 0.0449156 0.00645672 -0.0495882 
-0.0275155 0.0431595 0.0236776 -0.0373386 
-0.0275155 0.0431595 0.0236776 -0.0373386 
-0.0275155 0.0431595 0.0236776 -0.0373386 
-0.0367387 -0.0420588 -0.00842094 0.0508503 
-0.0367387 -0.0420588 -0.00842094 0.0508503 
-0.0367387 -0.0420588 -0.00842094 0.0508503 
-0.0347854 -0.0386996 -0.000951424 0.0446263 
-0.0347854 -0.0386996 -0.000951424 0.0446263 
-0.0347854 -0.0386996 -0.000951424 0.0446263 
-0.0339127 0.0303775 0.0107327 -0.0331444 
-0.0339127 0.0303775 0.0107327 -0.0331444 
-0.0339127 0.0303775 0.0107327 -0.0331444 
-0.0345701 0.0399837 0.0072697 -0.0444548 
-0.0345701 0.0399837 0.0072697 -0.0444548 
-0.0345701 0.0399837 0.0072697 -0.0444548 
-0.0332353 0.0157489 0.0134304 -0.0164037 
-0.0332353 0.0157489 0.0134304 -0.0164037 
-0.0332353 0.0157489 0.0134304 -0.0164037 
-0.0281884 0.0285157 0.0270056 -0.024069 
-0.0281884 0.0285157 0.0270056 -0.024069 
-0.0281884 0.0285157 0.0270056 -0.024069 
-0.0355405 -0.0168492 0.00115172 0.0201168 
-0.0355405 -0.0168492 0.00115172 0.0201168 
-0.0355405 -0.0168492 0.00115172 0.0201168 
-0.0359771 -0.000145518 0.00146592 0.000684425 
-0.0359771 -0.000145518 0.00146592 0.000684425 
-0.0359771 -0.000145518 0.00146592 0.000684425 
-0.0286365 -0.0147903 0.025498 0.0140143 
-0.0286365 -0.0147903 0.025498 0.0140143 
-0.0286365 -0.0147903 0.025498 0.0140143 
-0.0286155 0.0132584 0.0284686 -0.0104908 
-0.0286155 0.0132584 0.0284686 -0.0104908 
-0.0286155 0.0132584 0.0284686 -0.0104908 
-0.0286429 -0.00166609 0.0275221 0.00301206 
-0.0286429 -0.00166609 0.0275221 0.00301206 
-0.0286429 -0.00166609 0.0275221 0.00301206 
-0.0332782 -0.000629761 0.0117863 0.00144871 
-0.0332782 -0.000629761 0.0117863 0.00144871 
-0.0332782 -0.000629761 0.0117863 0.00144871 
-0.0338634 -0.0300304 0.00481063 0.0340067 
-0.0338634 -0.0300304 0.00481063 0.0340067 
-0.0338634 -0.0300304 0.00481063 0.0340067 
-0.0282497 -0.0292123 0.0224414 0.0273158 
-0.0282497 -0.0292123 0.0224414 0.0273158 
-0.0282497 -0.0292123 0.0224414 0.0273158 
-0.0194128 0.0429835 0.0376235 -0.026066 
-0.0194128 0.0429835 0.0376235 -0.026066 
-0.0194128 0.0429835 0.0376235 -0.026066 
-0.0279487 0.0319305 0.0208862 -0.029273 
-0.0279487 0.0319305 0.0208862 -0.029273 
-0.0279487 0.0319305 0.0208862 -0.029273 
-0.0278933 0.040756 0.0215499 -0.0364818 
-0.0278933 0.040756 0.0215499 -0.0364818 
-0.0278933 0.040756 0.0215499 -0.0364818 
-0.0359781 0.0458924 6.3821e-005 -0.0536507 
-0.0359781 0.0458924 6.3821e-005 -0.0536507 
-0.0359781 0.0458924 6.3821e-005 -0.0536507 
-0.0277144 0.0437111 0.0221061 -0.0389 
-0.0277144 0.0437111 0.0221061 -0.0389 
-0.0277144 0.0437111 0.0221061 -0.0389 
-0.0357992 -0.0418297 -0.00839295 0.0492512 
-0.0357992 -0.0418297 -0.00839295 0.0492512 
-0.0357992 -0.0418297 -0.00839295 0.0492512 
-0.027984 -0.0409349 0.0141118 0.0384184 
-0.027984 -0.0409349 0.0141118 0.0384184 
-0.027984 -0.0409349 0.0141118 0.0384184 
-0.0277423 -0.017593 0.0178247 0.0174021 
-0.0277423 -0.017593 0.0178247 0.0174021 
-0.0277423 -0.017593 0.0178247 0.0174021 
-0.0201873 -0.0175389 0.0327986 0.0136929 
-0.0201873 -0.0175389 0.0327986 0.0136929 
-0.0201873 -0.0175389 0.0327986 0.0136929 
-0.0199107 -0.0323031 0.0313562 0.0231504 
-0.0199107 -0.0323031 0.0313562 0.0231504 
-0.0199107 -0.0323031 0.0313562 0.0231504 
-0.0198429 -0.0408563 0.030587 0.0283461 
-0.0198429 -0.0408563 0.030587 0.0283461 
-0.0198429 -0.0408563 0.030587 0.0283461 
-0.0196052 -0.043865 0.0302433 0.0300118 
-0.0196052 -0.043865 0.0302433 0.0300118 
-0.0196052 -0.043865 0.0302433 0.0300118 
-0.0276327 -0.044098 0.0142615 0.0408446 
-0.0276327 -0.044098 0.0142615 0.0408446 
-0.0276327 -0.044098 0.0142615 0.0408446 
-0.0343299 -0.0442111 -0.00265594 0.0499581 
-0.0343299 -0.0442111 -0.00265594 0.0499581 
-0.0343299 -0.0442111 -0.00265594 0.0499581 
-0.0279202 -0.0423877 0.0164265 0.0396795 
-0.0279202 -0.0423877 0.0164265 0.0396795 
-0.0279202 -0.0423877 0.0164265 0.0396795 
-0.0350262 -0.0426192 -0.00395936 0.0491356 
-0.0350262 -0.0426192 -0.00395936 0.0491356 
-0.0350262 -0.0426192 -0.00395936 0.0491356 
-0.0275773 -0.0437322 0.015589 0.0402459 
-0.0275773 -0.0437322 0.015589 0.0402459 
-0.0275773 -0.0437322 0.015589 0.0402459 
-0.0343972 -0.0394783 -0.000657356 0.0448497 
-0.0343972 -0.0394783 -0.000657356 0.0448497 
-0.0343972 -0.0394783 -0.000657356 0.0448497 
-0.0280224 -0.0385737 0.0177688 0.0361555 
-0.0280224 -0.0385737 0.0177688 0.0361555 
-0.0280224 -0.0385737 0.0177688 0.0361555 
-0.0280488 -0.0355891 0.0193348 0.0333105 
-0.0280488 -0.0355891 0.0193348 0.0333105 
-0.0280488 -0.0355891 0.0193348 0.0333105 
-0.0219971 -0.0295732 0.036757 0.0210237 
-0.0219971 -0.0295732 0.036757 0.0210237 
-0.0219971 -0.0295732 0.036757 0.0210237 
-0.0215884 0.027561 0.0414203 -0.0151965 
-0.0215884 0.027561 0.0414203 -0.0151965 
-0.0215884 0.027561 0.0414203 -0.0151965 
-0.00965132 0.0306931 0.0466802 -0.00845855 
-0.00965132 0.0306931 0.0466802 -0.00845855 
-0.00965132 0.0306931 0.0466802 -0.00845855 
-0.0195972 0.0396607 0.0369774 -0.0243698 
-0.0195972 0.0396607 0.0369774 -0.0243698 
-0.0195972 0.0396607 0.0369774 -0.0243698 
-0.0196356 0.0308696 0.0355424 -0.0188014 
-0.0196356 0.0308696 0.0355424 -0.0188014 
-0.0196356 0.0308696 0.0355424 -0.0188014 
-0.0275524 -0.000803301 0.0200545 0.00160842 
-0.0275524 -0.000803301 0.0200545 0.00160842 
-0.0275524 -0.000803301 0.0200545 0.00160842 
-0.0277627 0.01639 0.0204856 -0.0140515 
-0.0277627 0.01639 0.0204856 -0.0140515 
-0.0277627 0.01639 0.0204856 -0.0140515 
-0.0199102 -0.00162922 0.0343308 0.00275926 
-0.0199102 -0.00162922 0.0343308 0.00275926 
-0.0199102 -0.00162922 0.0343308 0.00275926 
-0.0202895 0.0149678 0.0348885 -0.0083689 
-0.0202895 0.0149678 0.0348885 -0.0083689 
-0.0202895 0.0149678 0.0348885 -0.0083689 
-0.0100246 -0.00212427 0.0442447 0.00269655 
-0.0100246 -0.00212427 0.0442447 0.00269655 
-0.0100246 -0.00212427 0.0442447 0.00269655 
-0.00984869 0.0137102 0.0450861 -0.00242562 
-0.00984869 0.0137102 0.0450861 -0.00242562 
-0.00984869 0.0137102 0.0450861 -0.00242562 
-0.0198354 0.0423154 0.0386004 -0.0251586 
-0.0198354 0.0423154 0.0386004 -0.0251586 
-0.0198354 0.0423154 0.0386004 -0.0251586 
-0.0195434 0.0439716 0.038599 -0.0258043 
-0.0195434 0.0439716 0.038599 -0.0258043 
-0.0195434 0.0439716 0.038599 -0.0258043 
-0.0107468 -0.0458639 0.0424336 0.0191698 
-0.0107468 -0.0458639 0.0424336 0.0191698 
-0.0107468 -0.0458639 0.0424336 0.0191698 
-0.0199007 -0.0429019 0.0323087 0.0290222 
-0.0199007 -0.0429019 0.0323087 0.0290222 
-0.0199007 -0.0429019 0.0323087 0.0290222 
-0.0196675 -0.0445734 0.0311996 0.0301309 
-0.0196675 -0.0445734 0.0311996 0.0301309 
-0.0196675 -0.0445734 0.0311996 0.0301309 
-0.0109836 -0.0442032 0.0421386 0.018599 
-0.0109836 -0.0442032 0.0421386 0.018599 
-0.0109836 -0.0442032 0.0421386 0.018599 
-0.0280812 0.0346368 0.0255161 -0.0299829 
-0.0280812 0.0346368 0.0255161 -0.0299829 
-0.0280812 0.0346368 0.0255161 -0.0299829 
-0.0213571 0.0259613 0.0437685 -0.0133906 
-0.0213571 0.0259613 0.0437685 -0.0133906 
-0.0213571 0.0259613 0.0437685 -0.0133906 
-0.0179195 0.0314064 0.0482624 -0.0133607 
-0.0179195 0.0314064 0.0482624 -0.0133607 
-0.0179195 0.0314064 0.0482624 -0.0133607 
-0.0195628 0.0309836 0.0461843 -0.0150696 
-0.0195628 0.0309836 0.0461843 -0.0150696 
-0.0195628 0.0309836 0.0461843 -0.0150696 
-0.020747 0.0324482 0.0415092 -0.018284 
-0.020747 0.0324482 0.0415092 -0.018284 
-0.020747 0.0324482 0.0415092 -0.018284 
-0.0247698 0.0125751 0.0387428 -0.00722835 
-0.0247698 0.0125751 0.0387428 -0.00722835 
-0.0247698 0.0125751 0.0387428 -0.00722835 
-0.0272927 -0.00151959 0.0341413 0.00293955 
-0.0272927 -0.00151959 0.0341413 0.00293955 
-0.0272927 -0.00151959 0.0341413 0.00293955 
-0.0252213 -0.00177326 0.0401459 0.00338048 
-0.0252213 -0.00177326 0.0401459 0.00338048 
-0.0252213 -0.00177326 0.0401459 0.00338048 
-0.0247264 0.0101666 0.0405907 -0.00506925 
-0.0247264 0.0101666 0.0405907 -0.00506925 
-0.0247264 0.0101666 0.0405907 -0.00506925 
-0.0270206 0.00798041 0.0345336 -0.00482478 
-0.0270206 0.00798041 0.0345336 -0.00482478 
-0.0270206 0.00798041 0.0345336 -0.00482478 
-0.0269578 -0.0104685 0.0328212 0.00993764 
-0.0269578 -0.0104685 0.0328212 0.00993764 
-0.0269578 -0.0104685 0.0328212 0.00993764 
-0.0243586 -0.0155951 0.0366809 0.0129291 
-0.0243586 -0.0155951 0.0366809 0.0129291 
-0.0243586 -0.0155951 0.0366809 0.0129291 
-0.00983872 0.0393814 0.0467798 -0.0112565 
-0.00983872 0.0393814 0.0467798 -0.0112565 
-0.00983872 0.0393814 0.0467798 -0.0112565 
-0.00977642 0.0423287 0.0467955 -0.0123946 
-0.00977642 0.0423287 0.0467955 -0.0123946 
-0.00977642 0.0423287 0.0467955 -0.0123946 
0.000307024 0.0429447 0.0502158 0.000646701 
0.000307024 0.0429447 0.0502158 0.000646701 
0.000307024 0.0429447 0.0502158 0.000646701 
0.000580156 0.0394547 0.0498177 0.00108959 
0.000580156 0.0394547 0.0498177 0.00108959 
0.000580156 0.0394547 0.0498177 0.00108959 
-0.0100884 -0.0177252 0.0429957 0.00868735 
-0.0100884 -0.0177252 0.0429957 0.00868735 
-0.0100884 -0.0177252 0.0429957 0.00868735 
0.00127943 -0.0184155 0.0473203 0.00319431 
0.00127943 -0.0184155 0.0473203 0.00319431 
0.00127943 -0.0184155 0.0473203 0.00319431 
0.000604578 -0.0335012 0.0467872 0.00394488 
0.000604578 -0.0335012 0.0467872 0.00394488 
0.000604578 -0.0335012 0.0467872 0.00394488 
0.000153512 -0.0418169 0.0462693 0.00539995 
0.000153512 -0.0418169 0.0462693 0.00539995 
0.000153512 -0.0418169 0.0462693 0.00539995 
-0.010067 -0.0329875 0.0416712 0.0141628 
-0.010067 -0.0329875 0.0416712 0.0141628 
-0.010067 -0.0329875 0.0416712 0.0141628 
-0.0101433 -0.0415018 0.0411101 0.0173453 
-0.0101433 -0.0415018 0.0411101 0.0173453 
-0.0101433 -0.0415018 0.0411101 0.0173453 
-0.0104044 -0.0460674 0.0419491 0.0191335 
-0.0104044 -0.0460674 0.0419491 0.0191335 
-0.0104044 -0.0460674 0.0419491 0.0191335 
-0.0195713 -0.0448625 0.0306046 0.0305669 
-0.0195713 -0.0448625 0.0306046 0.0305669 
-0.0195713 -0.0448625 0.0306046 0.0305669 
-0.0102036 0.0438822 0.0475746 -0.0126719 
-0.0102036 0.0438822 0.0475746 -0.0126719 
-0.0102036 0.0438822 0.0475746 -0.0126719 
-0.0193226 0.0441801 0.0377079 -0.0262913 
-0.0193226 0.0441801 0.0377079 -0.0262913 
-0.0193226 0.0441801 0.0377079 -0.0262913 
0.000211328 0.0437652 0.0502983 9.7985e-005 
0.000211328 0.0437652 0.0502983 9.7985e-005 
0.000211328 0.0437652 0.0502983 9.7985e-005 
-0.0098143 0.0434156 0.0469816 -0.0128914 
-0.0098143 0.0434156 0.0469816 -0.0128914 
-0.0098143 0.0434156 0.0469816 -0.0128914 
-0.0100092 0.0119635 0.0450164 -0.0015462 
-0.0100092 0.0119635 0.0450164 -0.0015462 
-0.0100092 0.0119635 0.0450164 -0.0015462 
-0.0210835 0.0143532 0.0343588 -0.00866285 
-0.0210835 0.0143532 0.0343588 -0.00866285 
-0.0210835 0.0143532 0.0343588 -0.00866285 
-0.020286 0.0318474 0.0357835 -0.0197009 
-0.020286 0.0318474 0.0357835 -0.0197009 
-0.020286 0.0318474 0.0357835 -0.0197009 
-0.0097834 0.0330224 0.0465609 -0.00930269 
-0.0097834 0.0330224 0.0465609 -0.00930269 
-0.0097834 0.0330224 0.0465609 -0.00930269 
-0.0106377 0.0346349 0.0468211 -0.0100586 
-0.0106377 0.0346349 0.0468211 -0.0100586 
-0.0106377 0.0346349 0.0468211 -0.0100586 
-0.0215091 0.0316753 0.0353352 -0.0199581 
-0.0215091 0.0316753 0.0353352 -0.0199581 
-0.0215091 0.0316753 0.0353352 -0.0199581 
0.00156951 0.0317265 0.050128 0.0023972 
0.00156951 0.0317265 0.050128 0.0023972 
0.00156951 0.0317265 0.050128 0.0023972 
0.00208936 0.0141114 0.0491711 0.00336235 
0.00208936 0.0141114 0.0491711 0.00336235 
0.00208936 0.0141114 0.0491711 0.00336235 
0.00558176 0.0139747 0.0496763 0.00369991 
0.00558176 0.0139747 0.0496763 0.00369991 
0.00558176 0.0139747 0.0496763 0.00369991 
-0.0101642 0.00866425 0.0443198 -0.000446812 
-0.0101642 0.00866425 0.0443198 -0.000446812 
-0.0101642 0.00866425 0.0443198 -0.000446812 
-0.0117791 -0.00350228 0.0434076 0.0039292 
-0.0117791 -0.00350228 0.0434076 0.0039292 
-0.0117791 -0.00350228 0.0434076 0.0039292 
-0.0232775 0.0131055 0.0333156 -0.00866089 
-0.0232775 0.0131055 0.0333156 -0.00866089 
-0.0232775 0.0131055 0.0333156 -0.00866089 
-0.0248774 0.0134806 0.0359229 -0.00917923 
-0.0248774 0.0134806 0.0359229 -0.00917923 
-0.0248774 0.0134806 0.0359229 -0.00917923 
-0.0220793 -0.00249053 0.0339189 0.00306938 
-0.0220793 -0.00249053 0.0339189 0.00306938 
-0.0220793 -0.00249053 0.0339189 0.00306938 
-0.0247463 -0.00274469 0.034968 0.00414476 
-0.0247463 -0.00274469 0.034968 0.00414476 
-0.0247463 -0.00274469 0.034968 0.00414476 
-0.0105834 -0.0162774 0.0429137 0.00845561 
-0.0105834 -0.0162774 0.0429137 0.00845561 
-0.0105834 -0.0162774 0.0429137 0.00845561 
-0.0211403 -0.0173639 0.0325178 0.0134489 
-0.0211403 -0.0173639 0.0325178 0.0134489 
-0.0211403 -0.0173639 0.0325178 0.0134489 
-0.0203867 -0.0335164 0.0313567 0.0241298 
-0.0203867 -0.0335164 0.0313567 0.0241298 
-0.0203867 -0.0335164 0.0313567 0.0241298 
-0.0102514 -0.0342499 0.0418916 0.0148114 
-0.0102514 -0.0342499 0.0418916 0.0148114 
-0.0102514 -0.0342499 0.0418916 0.0148114 
-0.021389 -0.0322668 0.0319797 0.0236732 
-0.021389 -0.0322668 0.0319797 0.0236732 
-0.021389 -0.0322668 0.0319797 0.0236732 
-0.0226012 -0.016978 0.0328389 0.0129693 
-0.0226012 -0.016978 0.0328389 0.0129693 
-0.0226012 -0.016978 0.0328389 0.0129693 
-0.0222752 -0.003401 0.0400933 0.00416436 
-0.0222752 -0.003401 0.0400933 0.00416436 
-0.0222752 -0.003401 0.0400933 0.00416436 
-0.0120367 -0.0350375 0.0412976 0.0160392 
-0.0120367 -0.0350375 0.0412976 0.0160392 
-0.0120367 -0.0350375 0.0412976 0.0160392 
-0.0144735 -0.033045 0.0417895 0.0162121 
-0.0144735 -0.033045 0.0417895 0.0162121 
-0.0144735 -0.033045 0.0417895 0.0162121 
0.00393798 -0.00226439 0.0486724 0.00319578 
0.00393798 -0.00226439 0.0486724 0.00319578 
0.00393798 -0.00226439 0.0486724 0.00319578 
-0.014948 -0.0157111 0.0409716 0.00957215 
-0.014948 -0.0157111 0.0409716 0.00957215 
-0.014948 -0.0157111 0.0409716 0.00957215 
0.00169212 -0.0353389 0.0469394 0.00348974 
0.00169212 -0.0353389 0.0469394 0.00348974 
0.00169212 -0.0353389 0.0469394 0.00348974 
-0.0102629 -0.0453678 0.0415735 0.0188072 
-0.0102629 -0.0453678 0.0415735 0.0188072 
-0.0102629 -0.0453678 0.0415735 0.0188072 
-0.0220723 0.0294911 0.0378812 -0.0181189 
-0.0220723 0.0294911 0.0378812 -0.0181189 
-0.0220723 0.0294911 0.0378812 -0.0181189 
-0.0213691 0.0143926 0.0416584 -0.0059423 
-0.0213691 0.0143926 0.0416584 -0.0059423 
-0.0213691 0.0143926 0.0416584 -0.0059423 
-0.0168245 0.029176 0.0457572 -0.0112874 
-0.0168245 0.029176 0.0457572 -0.0112874 
-0.0168245 0.029176 0.0457572 -0.0112874 
0.000321976 0.03275 0.0501776 0.00144626 
0.000321976 0.03275 0.0501776 0.00144626 
0.000321976 0.03275 0.0501776 0.00144626 
-0.013997 0.031608 0.0460704 -0.0105216 
-0.013997 0.031608 0.0460704 -0.0105216 
-0.013997 0.031608 0.0460704 -0.0105216 
-0.022806 -0.0163187 0.0401969 0.0125582 
-0.022806 -0.0163187 0.0401969 0.0125582 
-0.022806 -0.0163187 0.0401969 0.0125582 
-0.0235327 -0.00233518 0.0415632 0.00361614 
-0.0235327 -0.00233518 0.0415632 0.00361614 
-0.0235327 -0.00233518 0.0415632 0.00361614 
-0.000405212 -0.0456294 0.046015 0.00586783 
-0.000405212 -0.0456294 0.046015 0.00586783 
-0.000405212 -0.0456294 0.046015 0.00586783 
-0.0205965 0.0370094 0.0381178 -0.0221118 
-0.0205965 0.0370094 0.0381178 -0.0221118 
-0.0205965 0.0370094 0.0381178 -0.0221118 
-0.011328 0.0378648 0.0472295 -0.0114892 
-0.011328 0.0378648 0.0472295 -0.0114892 
-0.011328 0.0378648 0.0472295 -0.0114892 
-0.0103601 0.0420135 0.0470822 -0.0123598 
-0.0103601 0.0420135 0.0470822 -0.0123598 
-0.0103601 0.0420135 0.0470822 -0.0123598 
-0.000299049 -0.0442843 0.046365 0.00569244 
-0.000299049 -0.0442843 0.046365 0.00569244 
-0.000299049 -0.0442843 0.046365 0.00569244 
-0.020601 -0.0382718 0.033046 0.02677 
-0.020601 -0.0382718 0.033046 0.02677 
-0.020601 -0.0382718 0.033046 0.02677 
-0.0123024 -0.0392969 0.0419859 0.0177539 
-0.0123024 -0.0392969 0.0419859 0.0177539 
-0.0123024 -0.0392969 0.0419859 0.0177539 
7.57592e-005 -0.0406272 0.0469433 0.00512364 
7.57592e-005 -0.0406272 0.0469433 0.00512364 
7.57592e-005 -0.0406272 0.0469433 0.00512364 
-0.0174515 -0.0307167 0.0412603 0.0172311 
-0.0174515 -0.0307167 0.0412603 0.0172311 
-0.0174515 -0.0307167 0.0412603 0.0172311 
-0.0145567 -0.0357843 0.0427566 0.017455 
-0.0145567 -0.0357843 0.0427566 0.017455 
-0.0145567 -0.0357843 0.0427566 0.017455 
-8.82196e-005 -0.0394665 0.0473277 0.00519859 
-8.82196e-005 -0.0394665 0.0473277 0.00519859 
-8.82196e-005 -0.0394665 0.0473277 0.00519859 
0.000215814 -0.0362375 0.0464214 0.00454993 
0.000215814 -0.0362375 0.0464214 0.00454993 
0.000215814 -0.0362375 0.0464214 0.00454993 
-0.0205876 -0.0347273 0.036188 0.0235316 
-0.0205876 -0.0347273 0.036188 0.0235316 
-0.0205876 -0.0347273 0.036188 0.0235316 
-0.0203239 -0.0331915 0.0409063 0.0217061 
-0.0203239 -0.0331915 0.0409063 0.0217061 
-0.0203239 -0.0331915 0.0409063 0.0217061 
-0.0216347 -0.0280044 0.0395985 0.0193275 
-0.0216347 -0.0280044 0.0395985 0.0193275 
-0.0216347 -0.0280044 0.0395985 0.0193275 
-0.0200547 -0.0283264 0.042005 0.0179043 
-0.0200547 -0.0283264 0.042005 0.0179043 
-0.0200547 -0.0283264 0.042005 0.0179043 
-0.017606 -0.0338822 0.0438524 0.0192129 
-0.017606 -0.0338822 0.0438524 0.0192129 
-0.017606 -0.0338822 0.0438524 0.0192129 
-0.0227178 0.0133262 0.042331 -0.00586097 
-0.0227178 0.0133262 0.042331 -0.00586097 
-0.0227178 0.0133262 0.042331 -0.00586097 
-0.0233986 0.0123204 0.0435834 -0.00539554 
-0.0233986 0.0123204 0.0435834 -0.00539554 
-0.0233986 0.0123204 0.0435834 -0.00539554 
-0.0245111 -0.0131832 0.0388562 0.0111242 
-0.0245111 -0.0131832 0.0388562 0.0111242 
-0.0245111 -0.0131832 0.0388562 0.0111242 
-0.0240077 -0.0020466 0.0427994 0.00391303 
-0.0240077 -0.0020466 0.0427994 0.00391303 
-0.0240077 -0.0020466 0.0427994 0.00391303 
-0.0229266 -0.0155154 0.0420109 0.011742 
-0.0229266 -0.0155154 0.0420109 0.011742 
-0.0229266 -0.0155154 0.0420109 0.011742 
0.00977044 0.0436393 0.0456325 0.0126548 
0.00977044 0.0436393 0.0456325 0.0126548 
0.00977044 0.0436393 0.0456325 0.0126548 
0.000891167 -0.00207659 0.0475938 0.00262649 
0.000891167 -0.00207659 0.0475938 0.00262649 
0.000891167 -0.00207659 0.0475938 0.00262649 
0.00102574 0.0305132 0.0493091 0.00184849 
0.00102574 0.0305132 0.0493091 0.00184849 
0.00102574 0.0305132 0.0493091 0.00184849 
0.0102803 0.0308209 0.0451897 0.0105216 
0.0102803 0.0308209 0.0451897 0.0105216 
0.0102803 0.0308209 0.0451897 0.0105216 
0.00126897 0.0144761 0.0485202 0.00241239 
0.00126897 0.0144761 0.0485202 0.00241239 
0.00126897 0.0144761 0.0485202 0.00241239 
-0.0198972 -0.017417 0.0404679 0.0115941 
-0.0198972 -0.017417 0.0404679 0.0115941 
-0.0198972 -0.017417 0.0404679 0.0115941 
0.00102474 -0.0346565 0.0469423 0.00388657 
0.00102474 -0.0346565 0.0469423 0.00388657 
0.00102474 -0.0346565 0.0469423 0.00388657 
0.00450418 -0.0174681 0.0481441 0.00221544 
0.00450418 -0.0174681 0.0481441 0.00221544 
0.00450418 -0.0174681 0.0481441 0.00221544 
0.00243675 -0.0177651 0.0478569 0.00344466 
0.00243675 -0.0177651 0.0478569 0.00344466 
0.00243675 -0.0177651 0.0478569 0.00344466 
0.00146135 -0.0358039 0.0465339 0.00374597 
0.00146135 -0.0358039 0.0465339 0.00374597 
0.00146135 -0.0358039 0.0465339 0.00374597 
0.00949681 -0.04533 0.0429177 -0.00764773 
0.00949681 -0.04533 0.0429177 -0.00764773 
0.00949681 -0.04533 0.0429177 -0.00764773 
0.00939663 -0.0460001 0.0428961 -0.00762666 
0.00939663 -0.0460001 0.0428961 -0.00762666 
0.00939663 -0.0460001 0.0428961 -0.00762666 
-0.0146719 0.033836 0.0471554 -0.0121183 
-0.0146719 0.033836 0.0471554 -0.0121183 
-0.0146719 0.033836 0.0471554 -0.0121183 
-0.000203852 0.0354677 0.0506626 0.00119395 
-0.000203852 0.0354677 0.0506626 0.00119395 
-0.000203852 0.0354677 0.0506626 0.00119395 
0.000950478 0.0381858 0.0508025 0.00132721 
0.000950478 0.0381858 0.0508025 0.00132721 
0.000950478 0.0381858 0.0508025 0.00132721 
0.000265655 0.0433178 0.0501761 0.000483556 
0.000265655 0.0433178 0.0501761 0.000483556 
0.000265655 0.0433178 0.0501761 0.000483556 
0.00990352 0.0431767 0.0459467 0.012641 
0.00990352 0.0431767 0.0459467 0.012641 
0.00990352 0.0431767 0.0459467 0.012641 
0.000652426 0.0421109 0.0505988 0.00058693 
0.000652426 0.0421109 0.0505988 0.00058693 
0.000652426 0.0421109 0.0505988 0.00058693 
0.0101791 0.0421246 0.0463782 0.0127008 
0.0101791 0.0421246 0.0463782 0.0127008 
0.0101791 0.0421246 0.0463782 0.0127008 
-0.0197911 0.0254643 0.0461951 -0.0111938 
-0.0197911 0.0254643 0.0461951 -0.0111938 
-0.0197911 0.0254643 0.0461951 -0.0111938 
0.0124589 0.0306518 0.0463694 0.011454 
0.0124589 0.0306518 0.0463694 0.011454 
0.0124589 0.0306518 0.0463694 0.011454 
0.0128197 0.0346118 0.0468299 0.0131579 
0.0128197 0.0346118 0.0468299 0.0131579 
0.0128197 0.0346118 0.0468299 0.0131579 
0.0149126 0.0287507 0.0460297 0.0127165 
0.0149126 0.0287507 0.0460297 0.0127165 
0.0149126 0.0287507 0.0460297 0.0127165 
0.0103945 -0.0188088 0.0443571 -0.00201261 
0.0103945 -0.0188088 0.0443571 -0.00201261 
0.0103945 -0.0188088 0.0443571 -0.00201261 
0.00993043 -0.0337121 0.0431165 -0.0049938 
0.00993043 -0.0337121 0.0431165 -0.0049938 
0.00993043 -0.0337121 0.0431165 -0.0049938 
0.00957357 -0.0425745 0.042549 -0.00678056 
0.00957357 -0.0425745 0.042549 -0.00678056 
0.00957357 -0.0425745 0.042549 -0.00678056 
0.00940859 -0.0457016 0.0423988 -0.00758698 
0.00940859 -0.0457016 0.0423988 -0.00758698 
0.00940859 -0.0457016 0.0423988 -0.00758698 
-0.000173449 -0.0447691 0.0458068 0.00576397 
-0.000173449 -0.0447691 0.0458068 0.00576397 
-0.000173449 -0.0447691 0.0458068 0.00576397 
-0.000460038 -0.0461569 0.0454371 0.00606282 
-0.000460038 -0.0461569 0.0454371 0.00606282 
-0.000460038 -0.0461569 0.0454371 0.00606282 
0.00221446 0.0324993 0.0502954 0.00274946 
0.00221446 0.0324993 0.0502954 0.00274946 
0.00221446 0.0324993 0.0502954 0.00274946 
0.00234405 0.033307 0.0498948 0.00273084 
0.00234405 0.033307 0.0498948 0.00273084 
0.00234405 0.033307 0.0498948 0.00273084 
0.0186941 0.0426807 0.0352474 0.0235933 
0.0186941 0.0426807 0.0352474 0.0235933 
0.0186941 0.0426807 0.0352474 0.0235933 
0.00770401 0.0147952 0.049692 0.00454846 
0.00770401 0.0147952 0.049692 0.00454846 
0.00770401 0.0147952 0.049692 0.00454846 
0.0110569 0.0373805 0.0463532 0.0119076 
0.0110569 0.0373805 0.0463532 0.0119076 
0.0110569 0.0373805 0.0463532 0.0119076 
0.00898793 -0.00207315 0.0482575 0.00271859 
0.00898793 -0.00207315 0.0482575 0.00271859 
0.00898793 -0.00207315 0.0482575 0.00271859 
0.014311 0.0149904 0.0465839 0.00774914 
0.014311 0.0149904 0.0465839 0.00774914 
0.014311 0.0149904 0.0465839 0.00774914 
0.0177182 0.0147121 0.0449143 0.00894211 
0.0177182 0.0147121 0.0449143 0.00894211 
0.0177182 0.0147121 0.0449143 0.00894211 
0.00966876 -0.0186573 0.0473419 -6.22205e-005 
0.00966876 -0.0186573 0.0473419 -6.22205e-005 
0.00966876 -0.0186573 0.0473419 -6.22205e-005 
0.0185017 -0.00179243 0.0442152 0.00203123 
0.0185017 -0.00179243 0.0442152 0.00203123 
0.0185017 -0.00179243 0.0442152 0.00203123 
0.0149186 -0.00184405 0.0451966 0.00233155 
0.0149186 -0.00184405 0.0451966 0.00233155 
0.0149186 -0.00184405 0.0451966 0.00233155 
0.0177271 -0.0182041 0.0441519 -0.00441422 
0.0177271 -0.0182041 0.0441519 -0.00441422 
0.0177271 -0.0182041 0.0441519 -0.00441422 
0.0145916 -0.0186077 0.0450596 -0.00288517 
0.0145916 -0.0186077 0.0450596 -0.00288517 
0.0145916 -0.0186077 0.0450596 -0.00288517 
0.012281 -0.0332834 0.0442285 -0.00609614 
0.012281 -0.0332834 0.0442285 -0.00609614 
0.012281 -0.0332834 0.0442285 -0.00609614 
0.0104438 -0.0404541 0.0440836 -0.0067835 
0.0104438 -0.0404541 0.0440836 -0.0067835 
0.0104438 -0.0404541 0.0440836 -0.0067835 
0.0186248 0.0449278 0.0336131 0.0250263 
0.0186248 0.0449278 0.0336131 0.0250263 
0.0186248 0.0449278 0.0336131 0.0250263 
0.0187474 0.0419275 0.0332616 0.0237721 
0.0187474 0.0419275 0.0332616 0.0237721 
0.0187474 0.0419275 0.0332616 0.0237721 
0.00972209 0.0431644 0.0447454 0.0126758 
0.00972209 0.0431644 0.0447454 0.0126758 
0.00972209 0.0431644 0.0447454 0.0126758 
0.00986265 0.0401287 0.0448711 0.0119581 
0.00986265 0.0401287 0.0448711 0.0119581 
0.00986265 0.0401287 0.0448711 0.0119581 
0.0281884 0.0479395 0.0116513 0.0387271 
0.0281884 0.0479395 0.0116513 0.0387271 
0.0281884 0.0479395 0.0116513 0.0387271 
0.0275245 0.0441673 0.0136307 0.0350713 
0.0275245 0.0441673 0.0136307 0.0350713 
0.0275245 0.0441673 0.0136307 0.0350713 
0.018404 0.0452263 0.0338094 0.0247304 
0.018404 0.0452263 0.0338094 0.0247304 
0.018404 0.0452263 0.0338094 0.0247304 
0.0261329 0.0467532 0.0172646 0.0350737 
0.0261329 0.0467532 0.0172646 0.0350737 
0.0261329 0.0467532 0.0172646 0.0350737 
0.0255697 0.0176707 0.0205955 0.0141481 
0.0255697 0.0176707 0.0205955 0.0141481 
0.0255697 0.0176707 0.0205955 0.0141481 
0.0187962 0.0163526 0.0349538 0.0110654 
0.0187962 0.0163526 0.0349538 0.0110654 
0.0187962 0.0163526 0.0349538 0.0110654 
0.018705 0.0318877 0.0343352 0.018212 
0.018705 0.0318877 0.0343352 0.018212 
0.018705 0.0318877 0.0343352 0.018212 
0.0106163 0.0151556 0.0454381 0.00675362 
0.0106163 0.0151556 0.0454381 0.00675362 
0.0106163 0.0151556 0.0454381 0.00675362 
0.0104672 -0.00174966 0.0449339 0.00265931 
0.0104672 -0.00174966 0.0449339 0.00265931 
0.0104672 -0.00174966 0.0449339 0.00265931 
0.0183472 -0.0191804 0.034241 -0.00706717 
0.0183472 -0.0191804 0.034241 -0.00706717 
0.0183472 -0.0191804 0.034241 -0.00706717 
0.0273316 -0.0456431 0.0142866 -0.0344216 
0.0273316 -0.0456431 0.0142866 -0.0344216 
0.0273316 -0.0456431 0.0142866 -0.0344216 
0.0261115 -0.0367183 0.0176529 -0.0259817 
0.0261115 -0.0367183 0.0176529 -0.0259817 
0.0261115 -0.0367183 0.0176529 -0.0259817 
0.0184942 -0.0346678 0.0330863 -0.0154645 
0.0184942 -0.0346678 0.0330863 -0.0154645 
0.0184942 -0.0346678 0.0330863 -0.0154645 
0.0185535 -0.0436364 0.032157 -0.0200512 
0.0185535 -0.0436364 0.032157 -0.0200512 
0.0185535 -0.0436364 0.032157 -0.0200512 
0.018549 -0.0467945 0.032126 -0.0215459 
0.018549 -0.0467945 0.032126 -0.0215459 
0.018549 -0.0467945 0.032126 -0.0215459 
0.0181189 -0.0470054 0.0330077 -0.0210555 
0.0181189 -0.0470054 0.0330077 -0.0210555 
0.0181189 -0.0470054 0.0330077 -0.0210555 
0.0275439 -0.0484926 0.0131304 -0.0370295 
0.0275439 -0.0484926 0.0131304 -0.0370295 
0.0275439 -0.0484926 0.0131304 -0.0370295 
0.0257531 -0.0475083 0.0187271 -0.0333105 
0.0257531 -0.0475083 0.0187271 -0.0333105 
0.0257531 -0.0475083 0.0187271 -0.0333105 
0.0180765 -0.0462901 0.0333426 -0.0205024 
0.0180765 -0.0462901 0.0333426 -0.0205024 
0.0180765 -0.0462901 0.0333426 -0.0205024 
0.018408 0.0442588 0.0348497 0.0241469 
0.018408 0.0442588 0.0348497 0.0241469 
0.018408 0.0442588 0.0348497 0.0241469 
0.026911 -0.0466755 0.0163863 -0.0343991 
0.026911 -0.0466755 0.0163863 -0.0343991 
0.026911 -0.0466755 0.0163863 -0.0343991 
0.0183247 -0.0445852 0.0341978 -0.0196435 
0.0183247 -0.0445852 0.0341978 -0.0196435 
0.0183247 -0.0445852 0.0341978 -0.0196435 
0.0182799 0.0145705 0.0457773 0.00912534 
0.0182799 0.0145705 0.0457773 0.00912534 
0.0182799 0.0145705 0.0457773 0.00912534 
0.0145084 -0.0322358 0.0442874 -0.00771044 
0.0145084 -0.0322358 0.0442874 -0.00771044 
0.0145084 -0.0322358 0.0442874 -0.00771044 
0.0097505 -0.0438133 0.0433217 -0.00721757 
0.0097505 -0.0438133 0.0433217 -0.00721757 
0.0097505 -0.0438133 0.0433217 -0.00721757 
0.0185361 -0.0407629 0.0353402 -0.0177534 
0.0185361 -0.0407629 0.0353402 -0.0177534 
0.0185361 -0.0407629 0.0353402 -0.0177534 
0.0176429 0.0272193 0.0456713 0.0144925 
0.0176429 0.0272193 0.0456713 0.0144925 
0.0176429 0.0272193 0.0456713 0.0144925 
0.0188959 0.0286367 0.039867 0.0164022 
0.0188959 0.0286367 0.039867 0.0164022 
0.0188959 0.0286367 0.039867 0.0164022 
0.026276 0.0410052 0.0192897 0.0313057 
0.026276 0.0410052 0.0192897 0.0313057 
0.026276 0.0410052 0.0192897 0.0313057 
0.0188286 0.0385 0.0362189 0.021638 
0.0188286 0.0385 0.0362189 0.021638 
0.0188286 0.0385 0.0362189 0.021638 
0.0182709 0.0347499 0.0397467 0.018892 
0.0182709 0.0347499 0.0397467 0.018892 
0.0182709 0.0347499 0.0397467 0.018892 
0.0191576 -0.0175836 0.044496 -0.00479098 
0.0191576 -0.0175836 0.044496 -0.00479098 
0.0191576 -0.0175836 0.044496 -0.00479098 
0.016526 -0.0308106 0.0450243 -0.00880101 
0.016526 -0.0308106 0.0450243 -0.00880101 
0.016526 -0.0308106 0.0450243 -0.00880101 
0.0157335 -0.0351924 0.0459536 -0.00984553 
0.0157335 -0.0351924 0.0459536 -0.00984553 
0.0157335 -0.0351924 0.0459536 -0.00984553 
0.0125999 -0.0372463 0.0443743 -0.00766194 
0.0125999 -0.0372463 0.0443743 -0.00766194 
0.0125999 -0.0372463 0.0443743 -0.00766194 
0.0177745 -0.0362198 0.0434479 -0.0128478 
0.0177745 -0.0362198 0.0434479 -0.0128478 
0.0177745 -0.0362198 0.0434479 -0.0128478 
0.018252 -0.0376416 0.0388645 -0.0149231 
0.018252 -0.0376416 0.0388645 -0.0149231 
0.018252 -0.0376416 0.0388645 -0.0149231 
0.0182206 -0.0302187 0.0434361 -0.0101571 
0.0182206 -0.0302187 0.0434361 -0.0101571 
0.0182206 -0.0302187 0.0434361 -0.0101571 
0.01873 -0.031372 0.0391404 -0.0118278 
0.01873 -0.031372 0.0391404 -0.0118278 
0.01873 -0.031372 0.0391404 -0.0118278 
0.016513 0.0272046 0.0467499 0.013421 
0.016513 0.0272046 0.0467499 0.013421 
0.016513 0.0272046 0.0467499 0.013421 
0.017142 0.031346 0.0452157 0.0160078 
0.017142 0.031346 0.0452157 0.0160078 
0.017142 0.031346 0.0452157 0.0160078 
0.0146888 0.0327451 0.0472732 0.0141623 
0.0146888 0.0327451 0.0472732 0.0141623 
0.0146888 0.0327451 0.0472732 0.0141623 
0.0197158 -0.00160414 0.0444607 0.00237173 
0.0197158 -0.00160414 0.0444607 0.00237173 
0.0197158 -0.00160414 0.0444607 0.00237173 
0.0189752 -0.00169657 0.0454199 0.00227668 
0.0189752 -0.00169657 0.0454199 0.00227668 
0.0189752 -0.00169657 0.0454199 0.00227668 
0.0183955 -0.0176628 0.0452884 -0.00434073 
0.0183955 -0.0176628 0.0452884 -0.00434073 
0.0183955 -0.0176628 0.0452884 -0.00434073 
0.0195768 0.0141856 0.0441828 0.00986709 
0.0195768 0.0141856 0.0441828 0.00986709 
0.0195768 0.0141856 0.0441828 0.00986709 
0.0203807 -0.00161152 0.0398867 0.00190483 
0.0203807 -0.00161152 0.0398867 0.00190483 
0.0203807 -0.00161152 0.0398867 0.00190483 
0.0200732 -0.0179258 0.0390801 -0.0059325 
0.0200732 -0.0179258 0.0390801 -0.0059325 
0.0200732 -0.0179258 0.0390801 -0.0059325 
0.0298396 0.0490717 0.00718772 0.0415206 
0.0298396 0.0490717 0.00718772 0.0415206 
0.0298396 0.0490717 0.00718772 0.0415206 
0.0301731 0.0467296 0.00623188 0.0399695 
0.0301731 0.0467296 0.00623188 0.0399695 
0.0301731 0.0467296 0.00623188 0.0399695 
0.0325062 0.0508562 -0.0015268 0.0458011 
0.0325062 0.0508562 -0.0015268 0.0458011 
0.0325062 0.0508562 -0.0015268 0.0458011 
0.0328984 0.0506001 -0.00266723 0.0460015 
0.0328984 0.0506001 -0.00266723 0.0460015 
0.0328984 0.0506001 -0.00266723 0.0460015 
0.0319036 0.0497934 0.000609245 0.0441893 
0.0319036 0.0497934 0.000609245 0.0441893 
0.0319036 0.0497934 0.000609245 0.0441893 
0.0185032 -0.00155056 0.0348266 0.00179068 
0.0185032 -0.00155056 0.0348266 0.00179068 
0.0185032 -0.00155056 0.0348266 0.00179068 
0.031461 0.0197556 0.00303837 0.0181507 
0.031461 0.0197556 0.00303837 0.0181507 
0.031461 0.0197556 0.00303837 0.0181507 
0.0310892 -0.000742341 0.00407522 -0.000472778 
0.0310892 -0.000742341 0.00407522 -0.000472778 
0.0310892 -0.000742341 0.00407522 -0.000472778 
0.0253604 -0.00118234 0.0210369 0.0010553 
0.0253604 -0.00118234 0.0210369 0.0010553 
0.0253604 -0.00118234 0.0210369 0.0010553 
0.0312347 -0.0203736 0.00345714 -0.0178744 
0.0312347 -0.0203736 0.00345714 -0.0178744 
0.0312347 -0.0203736 0.00345714 -0.0178744 
0.0254227 -0.0196243 0.0201704 -0.0128341 
0.0254227 -0.0196243 0.0201704 -0.0128341 
0.0254227 -0.0196243 0.0201704 -0.0128341 
0.0315995 -0.0505337 0.00198189 -0.0451662 
0.0315995 -0.0505337 0.00198189 -0.0451662 
0.0315995 -0.0505337 0.00198189 -0.0451662 
0.0258005 -0.0483392 0.0173146 -0.0341326 
0.0258005 -0.0483392 0.0173146 -0.0341326 
0.0258005 -0.0483392 0.0173146 -0.0341326 
0.0258114 0.045327 0.0187113 0.0336471 
0.0258114 0.045327 0.0187113 0.0336471 
0.0258114 0.045327 0.0187113 0.0336471 
0.0269419 0.0445154 0.0164943 0.0345284 
0.0269419 0.0445154 0.0164943 0.0345284 
0.0269419 0.0445154 0.0164943 0.0345284 
0.0318318 0.0473279 0.00170549 0.0420253 
0.0318318 0.0473279 0.00170549 0.0420253 
0.0318318 0.0473279 0.00170549 0.0420253 
0.0258538 -0.0426517 0.019489 -0.0295425 
0.0258538 -0.0426517 0.019489 -0.0295425 
0.0258538 -0.0426517 0.019489 -0.0295425 
0.031306 -0.0486218 0.00303641 -0.0426886 
0.031306 -0.0486218 0.00303641 -0.0426886 
0.031306 -0.0486218 0.00303641 -0.0426886 
0.031446 -0.0477802 0.00317829 -0.0423227 
0.031446 -0.0477802 0.00317829 -0.0423227 
0.031446 -0.0477802 0.00317829 -0.0423227 
0.0315911 -0.0468756 0.00312183 -0.0416172 
0.0315911 -0.0468756 0.00312183 -0.0416172 
0.0315911 -0.0468756 0.00312183 -0.0416172 
0.0284755 -0.0455704 0.0126591 -0.035815 
0.0284755 -0.0455704 0.0126591 -0.035815 
0.0284755 -0.0455704 0.0126591 -0.035815 
0.0267844 -0.0410436 0.0179376 -0.029588 
0.0267844 -0.0410436 0.0179376 -0.029588 
0.0267844 -0.0410436 0.0179376 -0.029588 
0.0255936 0.0309684 0.0227272 0.0235286 
0.0255936 0.0309684 0.0227272 0.0235286 
0.0255936 0.0309684 0.0227272 0.0235286 
0.031133 0.0323469 0.00571591 0.0283098 
0.031133 0.0323469 0.00571591 0.0283098 
0.031133 0.0323469 0.00571591 0.0283098 
0.0292301 0.0454814 0.0107715 0.0379143 
0.0292301 0.0454814 0.0107715 0.0379143 
0.0292301 0.0454814 0.0107715 0.0379143 
0.0314695 0.0421128 0.00342866 0.036983 
0.0314695 0.0421128 0.00342866 0.036983 
0.0314695 0.0421128 0.00342866 0.036983 
0.0324773 0.0465049 0.000302413 0.0418415 
0.0324773 0.0465049 0.000302413 0.0418415 
0.0324773 0.0465049 0.000302413 0.0418415 
0.0267211 0.0397437 0.0183554 0.0308814 
0.0267211 0.0397437 0.0183554 0.0308814 
0.0267211 0.0397437 0.0183554 0.0308814 
0.0199994 0.0149623 0.039893 0.0103154 
0.0199994 0.0149623 0.039893 0.0103154 
0.0199994 0.0149623 0.039893 0.0103154 
0.0257865 0.0157661 0.0240811 0.0124696 
0.0257865 0.0157661 0.0240811 0.0124696 
0.0257865 0.0157661 0.0240811 0.0124696 
0.0308753 -0.0186096 0.00771596 -0.0154562 
0.0308753 -0.0186096 0.00771596 -0.0154562 
0.0308753 -0.0186096 0.00771596 -0.0154562 
0.0307841 -0.000879993 0.00804832 -0.000470818 
0.0307841 -0.000879993 0.00804832 -0.000470818 
0.0307841 -0.000879993 0.00804832 -0.000470818 
0.025641 -0.00132245 0.0241037 0.000840221 
0.025641 -0.00132245 0.0241037 0.000840221 
0.025641 -0.00132245 0.0241037 0.000840221 
0.0257242 -0.0181819 0.0239987 -0.0111566 
0.0257242 -0.0181819 0.0239987 -0.0111566 
0.0257242 -0.0181819 0.0239987 -0.0111566 
0.0256385 -0.0321994 0.0225755 -0.021154 
0.0256385 -0.0321994 0.0225755 -0.021154 
0.0256385 -0.0321994 0.0225755 -0.021154 
0.0309192 -0.0330804 0.0063011 -0.0282677 
0.0309192 -0.0330804 0.0063011 -0.0282677 
0.0309192 -0.0330804 0.0063011 -0.0282677 
0.0329144 0.0481504 -0.00258131 0.0438522 
0.0329144 0.0481504 -0.00258131 0.0438522 
0.0329144 0.0481504 -0.00258131 0.0438522 
0.0362866 0.0512997 -0.0163181 0.0496892 
0.0362866 0.0512997 -0.0163181 0.0496892 
0.0362866 0.0512997 -0.0163181 0.0496892 
0.0329657 0.0438773 -0.00236481 0.0401479 
0.0329657 0.0438773 -0.00236481 0.0401479 
0.0329657 0.0438773 -0.00236481 0.0401479 
0.0305683 0.0427598 0.00514987 0.0372299 
0.0305683 0.0427598 0.00514987 0.0372299 
0.0305683 0.0427598 0.00514987 0.0372299 
0.032551 -0.0437008 -0.000451656 -0.0406491 
0.032551 -0.0437008 -0.000451656 -0.0406491 
0.032551 -0.0437008 -0.000451656 -0.0406491 
0.0301113 -0.0431733 0.00696729 -0.0367615 
0.0301113 -0.0431733 0.00696729 -0.0367615 
0.0301113 -0.0431733 0.00696729 -0.0367615 
0.0316793 -0.038849 0.00183363 -0.0349919 
0.0316793 -0.038849 0.00183363 -0.0349919 
0.0316793 -0.038849 0.00183363 -0.0349919 
0.0293333 -0.0471219 0.00902233 -0.0387256 
0.0293333 -0.0471219 0.00902233 -0.0387256 
0.0293333 -0.0471219 0.00902233 -0.0387256 
0.0307492 -0.0502997 0.0048121 -0.0435749 
0.0307492 -0.0502997 0.0048121 -0.0435749 
0.0307492 -0.0502997 0.0048121 -0.0435749 
0.0325236 -0.0478008 -0.000855693 -0.0441746 
0.0325236 -0.0478008 -0.000855693 -0.0441746 
0.0325236 -0.0478008 -0.000855693 -0.0441746 
0.0321463 -0.0508892 -4.02563e-005 -0.0463342 
0.0321463 -0.0508892 -4.02563e-005 -0.0463342 
0.0321463 -0.0508892 -4.02563e-005 -0.0463342 
0.0330126 -0.0511606 -0.0021434 -0.0478627 
0.0330126 -0.0511606 -0.0021434 -0.0478627 
0.0330126 -0.0511606 -0.0021434 -0.0478627 
0.0359378 -0.0514796 -0.0140023 -0.0527394 
0.0359378 -0.0514796 -0.0140023 -0.0527394 
0.0359378 -0.0514796 -0.0140023 -0.0527394 
0.0263388 0.035302 0.016861 0.0274892 
0.0263388 0.035302 0.016861 0.0274892 
0.0263388 0.035302 0.016861 0.0274892 
0.0317635 0.0377306 0.00108888 0.0335197 
0.0317635 0.0377306 0.00108888 0.0335197 
0.0317635 0.0377306 0.00108888 0.0335197 
0.0356203 -6.63682e-005 -0.013477 -0.00151828 
0.0356203 -6.63682e-005 -0.013477 -0.00151828 
0.0356203 -6.63682e-005 -0.013477 -0.00151828 
0.0358057 0.019642 -0.0143352 0.0180743 
0.0358057 0.019642 -0.0143352 0.0180743 
0.0358057 0.019642 -0.0143352 0.0180743 
0.0356372 -0.0217196 -0.0134407 -0.0227957 
0.0356372 -0.0217196 -0.0134407 -0.0227957 
0.0356372 -0.0217196 -0.0134407 -0.0227957 
0.0357449 -0.0504733 -0.0136233 -0.0512697 
0.0357449 -0.0504733 -0.0136233 -0.0512697 
0.0357449 -0.0504733 -0.0136233 -0.0512697 
0.0360016 0.0496247 -0.0150843 0.047947 
0.0360016 0.0496247 -0.0150843 0.047947 
0.0360016 0.0496247 -0.0150843 0.047947 
0.0360414 0.0509516 -0.0155905 0.0491081 
0.0360414 0.0509516 -0.0155905 0.0491081 
0.0360414 0.0509516 -0.0155905 0.0491081 
0.0316334 0.0479021 0.0017919 0.0421179 
0.0316334 0.0479021 0.0017919 0.0421179 
0.0316334 0.0479021 0.0017919 0.0421179 
0.0352923 -0.0489625 -0.0112811 -0.0497186 
0.0352923 -0.0489625 -0.0112811 -0.0497186 
0.0352923 -0.0489625 -0.0112811 -0.0497186 
0.0355375 -0.0489925 -0.0124736 -0.0497729 
0.0355375 -0.0489925 -0.0124736 -0.0497729 
0.0355375 -0.0489925 -0.0124736 -0.0497729 
0.0312108 -0.0426168 0.00451411 -0.0372818 
0.0312108 -0.0426168 0.00451411 -0.0372818 
0.0312108 -0.0426168 0.00451411 -0.0372818 
0.0353566 -0.0474248 -0.011095 -0.0480989 
0.0353566 -0.0474248 -0.011095 -0.0480989 
0.0353566 -0.0474248 -0.011095 -0.0480989 
0.0362498 0.044273 -0.0161354 0.0426455 
0.0362498 0.044273 -0.0161354 0.0426455 
0.0362498 0.044273 -0.0161354 0.0426455 
0.0390942 0.0408292 -0.0295609 0.040752 
0.0390942 0.0408292 -0.0295609 0.040752 
0.0390942 0.0408292 -0.0295609 0.040752 
0.0359721 0.0398121 -0.0152213 0.038004 
0.0359721 0.0398121 -0.0152213 0.038004 
0.0359721 0.0398121 -0.0152213 0.038004 
0.0389507 0.0487787 -0.0285781 0.0491081 
0.0389507 0.0487787 -0.0285781 0.0491081 
0.0389507 0.0487787 -0.0285781 0.0491081 
0.0358939 -0.0388362 -0.0140848 -0.0402591 
0.0358939 -0.0388362 -0.0140848 -0.0402591 
0.0358939 -0.0388362 -0.0140848 -0.0402591 
0.0388709 -0.0390614 -0.0275638 -0.0443475 
0.0388709 -0.0390614 -0.0275638 -0.0443475 
0.0388709 -0.0390614 -0.0275638 -0.0443475 
0.0387902 -0.0435621 -0.0267572 -0.0490812 
0.0387902 -0.0435621 -0.0267572 -0.0490812 
0.0387902 -0.0435621 -0.0267572 -0.0490812 
0.0387643 -0.0483637 -0.0263964 -0.0539892 
0.0387643 -0.0483637 -0.0263964 -0.0539892 
0.0387643 -0.0483637 -0.0263964 -0.0539892 
0.0359527 -0.0435474 -0.0141678 -0.0450721 
0.0359527 -0.0435474 -0.0141678 -0.0450721 
0.0359527 -0.0435474 -0.0141678 -0.0450721 
0.0361207 -0.05125 -0.0144167 -0.0528609 
0.0361207 -0.05125 -0.0144167 -0.0528609 
0.0361207 -0.05125 -0.0144167 -0.0528609 
0.0360389 -0.0479247 -0.0143043 -0.0494716 
0.0360389 -0.0479247 -0.0143043 -0.0494716 
0.0360389 -0.0479247 -0.0143043 -0.0494716 
0.038704 -0.0505519 -0.026067 -0.0562341 
0.038704 -0.0505519 -0.026067 -0.0562341 
0.038704 -0.0505519 -0.026067 -0.0562341 
0.036171 0.0517362 -0.0160991 0.0499939 
0.036171 0.0517362 -0.0160991 0.0499939 
0.036171 0.0517362 -0.0160991 0.0499939 
0.0389412 0.0514894 -0.0288559 0.0519105 
0.0389412 0.0514894 -0.0288559 0.0519105 
0.0389412 0.0514894 -0.0288559 0.0519105 
0.0359707 0.0481096 -0.0142748 0.0464081 
0.0359707 0.0481096 -0.0142748 0.0464081 
0.0359707 0.0481096 -0.0142748 0.0464081 
0.0359193 0.0493239 -0.0145109 0.0475869 
0.0359193 0.0493239 -0.0145109 0.0475869 
0.0359193 0.0493239 -0.0145109 0.0475869 
0.0391286 0.0502963 -0.0298074 0.0509012 
0.0391286 0.0502963 -0.0298074 0.0509012 
0.0391286 0.0502963 -0.0298074 0.0509012 
0.0389975 0.0499394 -0.0289011 0.0506769 
0.0389975 0.0499394 -0.0289011 0.0506769 
0.0389975 0.0499394 -0.0289011 0.0506769 
0.0356771 0.0439554 -0.0130234 0.0421531 
0.0356771 0.0439554 -0.0130234 0.0421531 
0.0356771 0.0439554 -0.0130234 0.0421531 
0.0308071 0.0168359 0.00732076 0.0148207 
0.0308071 0.0168359 0.00732076 0.0148207 
0.0308071 0.0168359 0.00732076 0.0148207 
0.0349519 -0.0188732 -0.00829035 -0.0194706 
0.0349519 -0.0188732 -0.00829035 -0.0194706 
0.0349519 -0.0188732 -0.00829035 -0.0194706 
0.0349215 -0.000457203 -0.00823635 -0.00117974 
0.0349215 -0.000457203 -0.00823635 -0.00117974 
0.0349215 -0.000457203 -0.00823635 -0.00117974 
0.0352365 -0.0330509 -0.00964336 -0.0333639 
0.0352365 -0.0330509 -0.00964336 -0.0333639 
0.0352365 -0.0330509 -0.00964336 -0.0333639 
0.0362617 0.0487251 -0.016159 0.0471327 
0.0362617 0.0487251 -0.016159 0.0471327 
0.0362617 0.0487251 -0.016159 0.0471327 
0.0388535 0.0511311 -0.0282698 0.0515043 
0.0388535 0.0511311 -0.0282698 0.0515043 
0.0388535 0.0511311 -0.0282698 0.0515043 
0.04026 0.0493352 -0.0351786 0.0504887 
0.04026 0.0493352 -0.0351786 0.0504887 
0.04026 0.0493352 -0.0351786 0.0504887 
0.0407245 0.0506724 -0.0378017 0.0522995 
0.0407245 0.0506724 -0.0378017 0.0522995 
0.0407245 0.0506724 -0.0378017 0.0522995 
0.0404559 0.0510249 -0.0361723 0.0525577 
0.0404559 0.0510249 -0.0361723 0.0525577 
0.0404559 0.0510249 -0.0361723 0.0525577 
0.0404429 0.0448074 -0.036217 0.0456556 
0.0404429 0.0448074 -0.036217 0.0456556 
0.0404429 0.0448074 -0.036217 0.0456556 
0.0390668 0.0507555 -0.0295373 0.0512236 
0.0390668 0.0507555 -0.0295373 0.0512236 
0.0390668 0.0507555 -0.0295373 0.0512236 
0.0387827 -0.0480865 -0.0264401 -0.0538349 
0.0387827 -0.0480865 -0.0264401 -0.0538349 
0.0387827 -0.0480865 -0.0264401 -0.0538349 
0.0387503 -0.049168 -0.0265098 -0.0548794 
0.0387503 -0.049168 -0.0265098 -0.0548794 
0.0387503 -0.049168 -0.0265098 -0.0548794 
0.0411781 0.0503695 -0.0402249 0.0524754 
0.0411781 0.0503695 -0.0402249 0.0524754 
0.0411781 0.0503695 -0.0402249 0.0524754 
0.0352833 0.0340798 -0.0109978 0.0324487 
0.0352833 0.0340798 -0.0109978 0.0324487 
0.0352833 0.0340798 -0.0109978 0.0324487 
0.034919 0.0184258 -0.00886867 0.0171508 
0.034919 0.0184258 -0.00886867 0.0171508 
0.034919 0.0184258 -0.00886867 0.0171508 
0.0367527 -8.70161e-005 -0.0166578 -0.00144871 
0.0367527 -8.70161e-005 -0.0166578 -0.00144871 
0.0367527 -8.70161e-005 -0.0166578 -0.00144871 
0.0353177 -0.0434594 -0.0106193 -0.0440173 
0.0353177 -0.0434594 -0.0106193 -0.0440173 
0.0353177 -0.0434594 -0.0106193 -0.0440173 
0.0379892 -0.0368865 -0.0224606 -0.0410484 
0.0379892 -0.0368865 -0.0224606 -0.0410484 
0.0379892 -0.0368865 -0.0224606 -0.0410484 
0.0406084 -0.0393731 -0.035809 -0.0472645 
0.0406084 -0.0393731 -0.035809 -0.0472645 
0.0406084 -0.0393731 -0.035809 -0.0472645 
0.0384019 -0.0441398 -0.0243968 -0.0491596 
0.0384019 -0.0441398 -0.0243968 -0.0491596 
0.0384019 -0.0441398 -0.0243968 -0.0491596 
0.0399495 -0.0473063 -0.03191 -0.0549235 
0.0399495 -0.0473063 -0.03191 -0.0549235 
0.0399495 -0.0473063 -0.03191 -0.0549235 
0.0410944 0.050138 -0.0398656 0.0519663 
0.0410944 0.050138 -0.0398656 0.0519663 
0.0410944 0.050138 -0.0398656 0.0519663 
0.0419292 0.0488234 -0.0444793 0.050914 
0.0419292 0.0488234 -0.0444793 0.050914 
0.0419292 0.0488234 -0.0444793 0.050914 
0.0417179 0.0488608 -0.0432927 0.0508096 
0.0417179 0.0488608 -0.0432927 0.0508096 
0.0417179 0.0488608 -0.0432927 0.0508096 
0.0389038 0.0448644 -0.0285172 0.0449158 
0.0389038 0.0448644 -0.0285172 0.0449158 
0.0389038 0.0448644 -0.0285172 0.0449158 
0.0390867 0.0197399 -0.0297121 0.0181409 
0.0390867 0.0197399 -0.0297121 0.0181409 
0.0390867 0.0197399 -0.0297121 0.0181409 
0.0413132 0.0373324 -0.0412249 0.0375601 
0.0413132 0.0373324 -0.0412249 0.0375601 
0.0413132 0.0373324 -0.0412249 0.0375601 
0.0409448 0.0466991 -0.0389647 0.0480082 
0.0409448 0.0466991 -0.0389647 0.0480082 
0.0409448 0.0466991 -0.0389647 0.0480082 
0.0428358 0.0326045 -0.0499851 0.0324619 
0.0428358 0.0326045 -0.0499851 0.0324619 
0.0428358 0.0326045 -0.0499851 0.0324619 
0.0400362 -0.0483583 -0.0326469 -0.0559587 
0.0400362 -0.0483583 -0.0326469 -0.0559587 
0.0400362 -0.0483583 -0.0326469 -0.0559587 
0.0410316 -0.0351752 -0.0386058 -0.0429336 
0.0410316 -0.0351752 -0.0386058 -0.0429336 
0.0410316 -0.0351752 -0.0386058 -0.0429336 
0.0406812 -0.045475 -0.0362955 -0.0538271 
0.0406812 -0.045475 -0.0362955 -0.0538271 
0.0406812 -0.045475 -0.0362955 -0.0538271 
0.0414732 -0.0177474 -0.0418401 -0.0239559 
0.0414732 -0.0177474 -0.0418401 -0.0239559 
0.0414732 -0.0177474 -0.0418401 -0.0239559 
0.0401648 -0.0440041 -0.0335173 -0.0514304 
0.0401648 -0.0440041 -0.0335173 -0.0514304 
0.0401648 -0.0440041 -0.0335173 -0.0514304 
0.0400597 -0.0500741 -0.0327392 -0.0579008 
0.0400597 -0.0500741 -0.0327392 -0.0579008 
0.0400597 -0.0500741 -0.0327392 -0.0579008 
0.0386347 -0.0510072 -0.0260242 -0.0565756 
0.0386347 -0.0510072 -0.0260242 -0.0565756 
0.0386347 -0.0510072 -0.0260242 -0.0565756 
0.0411706 0.050373 -0.0402927 0.0523857 
0.0411706 0.050373 -0.0402927 0.0523857 
0.0411706 0.050373 -0.0402927 0.0523857 
0.0390145 0.000547169 -0.0295933 -0.00218751 
0.0390145 0.000547169 -0.0295933 -0.00218751 
0.0390145 0.000547169 -0.0295933 -0.00218751 
0.041537 0.00101568 -0.042683 -0.00291358 
0.041537 0.00101568 -0.042683 -0.00291358 
0.041537 0.00101568 -0.042683 -0.00291358 
0.0415699 0.0194955 -0.0426948 0.0178587 
0.0415699 0.0194955 -0.0426948 0.0178587 
0.0415699 0.0194955 -0.0426948 0.0178587 
0.0389626 -0.0198461 -0.0289561 -0.0237961 
0.0389626 -0.0198461 -0.0289561 -0.0237961 
0.0389626 -0.0198461 -0.0289561 -0.0237961 
0.0426026 -0.0297443 -0.047692 -0.038637 
0.0426026 -0.0297443 -0.047692 -0.038637 
0.0426026 -0.0297443 -0.047692 -0.038637 
0.0407619 -0.0486164 -0.0365203 -0.0574687 
0.0407619 -0.0486164 -0.0365203 -0.0574687 
0.0407619 -0.0486164 -0.0365203 -0.0574687 
0.0418031 -0.0472527 -0.0420836 -0.0575608 
0.0418031 -0.0472527 -0.0420836 -0.0575608 
0.0418031 -0.0472527 -0.0420836 -0.0575608 
0.0403946 -0.0491292 -0.0346312 -0.0573932 
0.0403946 -0.0491292 -0.0346312 -0.0573932 
0.0403946 -0.0491292 -0.0346312 -0.0573932 
0.0418849 -0.0432293 -0.0428146 -0.0530873 
0.0418849 -0.0432293 -0.0428146 -0.0530873 
0.0418849 -0.0432293 -0.0428146 -0.0530873 
0.0417114 -0.047266 -0.0415995 -0.0574417 
0.0417114 -0.047266 -0.0415995 -0.0574417 
0.0417114 -0.047266 -0.0415995 -0.0574417 
0.0408078 -0.0478859 -0.0366745 -0.0567607 
0.0408078 -0.0478859 -0.0366745 -0.0567607 
0.0408078 -0.0478859 -0.0366745 -0.0567607 
0.0405262 -0.0475265 -0.0350584 -0.0559328 
0.0405262 -0.0475265 -0.0350584 -0.0559328 
0.0405262 -0.0475265 -0.0350584 -0.0559328 
0.0419367 0.0507186 -0.0442437 0.0534067 
0.0419367 0.0507186 -0.0442437 0.0534067 
0.0419367 0.0507186 -0.0442437 0.0534067 
0.0386182 -0.048557 -0.0254607 -0.0540319 
0.0386182 -0.048557 -0.0254607 -0.0540319 
0.0386182 -0.048557 -0.0254607 -0.0540319 
0.0383825 -0.0471794 -0.0242868 -0.0523304 
0.0383825 -0.0471794 -0.0242868 -0.0523304 
0.0383825 -0.0471794 -0.0242868 -0.0523304 
0.040429 -0.0437022 -0.0346749 -0.0517091 
0.040429 -0.0437022 -0.0346749 -0.0517091 
0.040429 -0.0437022 -0.0346749 -0.0517091 
0.0385893 0.0196588 -0.0255112 0.0184496 
0.0385893 0.0196588 -0.0255112 0.0184496 
0.0385893 0.0196588 -0.0255112 0.0184496 
0.0387234 0.0376853 -0.0271303 0.0376008 
0.0387234 0.0376853 -0.0271303 0.0376008 
0.0387234 0.0376853 -0.0271303 0.0376008 
0.0376114 0.0194764 -0.0208331 0.0183893 
0.0376114 0.0194764 -0.0208331 0.0183893 
0.0376114 0.0194764 -0.0208331 0.0183893 
0.0381756 4.867e-005 -0.0239869 -0.00219878 
0.0381756 4.867e-005 -0.0239869 -0.00219878 
0.0381756 4.867e-005 -0.0239869 -0.00219878 
0.0413137 0.0011612 -0.040949 -0.00269263 
0.0413137 0.0011612 -0.040949 -0.00269263 
0.0413137 0.0011612 -0.040949 -0.00269263 
0.0381776 0.0376853 -0.0244376 0.0374837 
0.0381776 0.0376853 -0.0244376 0.0374837 
0.0381776 0.0376853 -0.0244376 0.0374837 
0.0412763 0.0432195 -0.0405691 0.044666 
0.0412763 0.0432195 -0.0405691 0.044666 
0.0412763 0.0432195 -0.0405691 0.044666 
0.0413456 0.0388269 -0.0409697 0.0396653 
0.0413456 0.0388269 -0.0409697 0.0396653 
0.0413456 0.0388269 -0.0409697 0.0396653 
0.038846 0.0456338 -0.027903 0.0460608 
0.038846 0.0456338 -0.027903 0.0460608 
0.038846 0.0456338 -0.027903 0.0460608 
0.0412419 0.0473786 -0.0403702 0.0492541 
0.0412419 0.0473786 -0.0403702 0.0492541 
0.0412419 0.0473786 -0.0403702 0.0492541 
0.0421316 0.0475083 -0.0453188 0.049869 
0.0421316 0.0475083 -0.0453188 0.049869 
0.0421316 0.0475083 -0.0453188 0.049869 
0.0421007 0.0436723 -0.0452545 0.0454302 
0.0421007 0.0436723 -0.0452545 0.0454302 
0.0421007 0.0436723 -0.0452545 0.0454302 
0.0381921 -0.0192714 -0.0236801 -0.0231343 
0.0381921 -0.0192714 -0.0236801 -0.0231343 
0.0381921 -0.0192714 -0.0236801 -0.0231343 
0.0411831 -0.0174558 -0.0398253 -0.0234076 
0.0411831 -0.0174558 -0.0398253 -0.0234076 
0.0411831 -0.0174558 -0.0398253 -0.0234076 
0.0383725 -0.0354229 -0.0246163 -0.0398147 
0.0383725 -0.0354229 -0.0246163 -0.0398147 
0.0383725 -0.0354229 -0.0246163 -0.0398147 
0.0429854 0.0013662 -0.0507205 -0.00333688 
0.0429854 0.0013662 -0.0507205 -0.00333688 
0.0429854 0.0013662 -0.0507205 -0.00333688 
0.0427023 -0.0135406 -0.0487229 -0.0201981 
0.0427023 -0.0135406 -0.0487229 -0.0201981 
0.0427023 -0.0135406 -0.0487229 -0.0201981 
0.0369819 -0.0191145 -0.017649 -0.021665 
0.0369819 -0.0191145 -0.017649 -0.021665 
0.0369819 -0.0191145 -0.017649 -0.021665 
0.0409548 -0.0349131 -0.0378351 -0.0426783 
0.0409548 -0.0349131 -0.0378351 -0.0426783 
0.0409548 -0.0349131 -0.0378351 -0.0426783 
0.0416341 -0.0436909 -0.0411631 -0.0535542 
0.0416341 -0.0436909 -0.0411631 -0.0535542 
0.0416341 -0.0436909 -0.0411631 -0.0535542 
0.0416182 -0.0397811 -0.0413074 -0.0490782 
0.0416182 -0.0397811 -0.0413074 -0.0490782 
0.0416182 -0.0397811 -0.0413074 -0.0490782 
0.0389138 0.0489434 -0.0284092 0.0495481 
0.0389138 0.0489434 -0.0284092 0.0495481 
0.0389138 0.0489434 -0.0284092 0.0495481 
0.041196 0.0502299 -0.0401694 0.0523754 
0.041196 0.0502299 -0.0401694 0.0523754 
0.041196 0.0502299 -0.0401694 0.0523754 
0.0407026 -0.0438197 -0.0361836 -0.0521697 
0.0407026 -0.0438197 -0.0361836 -0.0521697 
0.0407026 -0.0438197 -0.0361836 -0.0521697 
0.0421994 -0.0424875 -0.0444013 -0.0529197 
0.0421994 -0.0424875 -0.0444013 -0.0529197 
0.0421994 -0.0424875 -0.0444013 -0.0529197 
0.0422003 0.0451215 -0.0460508 0.0467521 
0.0422003 0.0451215 -0.0460508 0.0467521 
0.0422003 0.0451215 -0.0460508 0.0467521 
0.0425537 0.0443158 -0.0480651 0.0460182 
0.0425537 0.0443158 -0.0480651 0.0460182 
0.0425537 0.0443158 -0.0480651 0.0460182 
0.0429928 0.034214 -0.0507853 0.0343604 
0.0429928 0.034214 -0.0507853 0.0343604 
0.0429928 0.034214 -0.0507853 0.0343604 
0.0435022 0.0317864 -0.0539204 0.0316575 
0.0435022 0.0317864 -0.0539204 0.0316575 
0.0435022 0.0317864 -0.0539204 0.0316575 
0.0437444 0.0178973 -0.0555017 0.0154155 
0.0437444 0.0178973 -0.0555017 0.0154155 
0.0437444 0.0178973 -0.0555017 0.0154155 
0.0432211 0.0184056 -0.0522871 0.0161812 
0.0432211 0.0184056 -0.0522871 0.0161812 
0.0432211 0.0184056 -0.0522871 0.0161812 
0.0437728 0.00136915 -0.0555989 -0.00378516 
0.0437728 0.00136915 -0.0555989 -0.00378516 
0.0437728 0.00136915 -0.0555989 -0.00378516 
0.0432495 0.00108451 -0.0524525 -0.00372637 
0.0432495 0.00108451 -0.0524525 -0.00372637 
0.0432495 0.00108451 -0.0524525 -0.00372637 
0.0436119 -0.0149117 -0.0542484 -0.022541 
0.0436119 -0.0149117 -0.0542484 -0.022541 
0.0436119 -0.0149117 -0.0542484 -0.022541 
0.0430895 -0.0159731 -0.0510789 -0.0232518 
0.0430895 -0.0159731 -0.0510789 -0.0232518 
0.0430895 -0.0159731 -0.0510789 -0.0232518 
0.041826 -0.045595 -0.0421842 -0.0558407 
0.041826 -0.045595 -0.0421842 -0.0558407 
0.041826 -0.045595 -0.0421842 -0.0558407 
0.0424974 -0.0417776 -0.0460724 -0.0524435 
0.0424974 -0.0417776 -0.0460724 -0.0524435 
0.0424974 -0.0417776 -0.0460724 -0.0524435 
0.041825 -0.0461569 -0.0422073 -0.0564149 
0.041825 -0.0461569 -0.0422073 -0.0564149 
0.041825 -0.0461569 -0.0422073 -0.0564149 
0.042632 0.0444864 -0.0484564 0.0463596 
0.042632 0.0444864 -0.0484564 0.0463596 
0.042632 0.0444864 -0.0484564 0.0463596 
0.0422138 0.0481583 -0.0460469 0.0504059 
0.0422138 0.0481583 -0.0460469 0.0504059 
0.0422138 0.0481583 -0.0460469 0.0504059 
0.0419028 0.0495992 -0.0441936 0.0520153 
0.0419028 0.0495992 -0.0441936 0.0520153 
0.0419028 0.0495992 -0.0441936 0.0520153 
0.0413271 0.0196302 -0.0409814 0.0180449 
0.0413271 0.0196302 -0.0409814 0.0180449 
0.0413271 0.0196302 -0.0409814 0.0180449 
0.0433028 -0.0250597 -0.0520048 -0.0340547 
0.0433028 -0.0250597 -0.0520048 -0.0340547 
0.0433028 -0.0250597 -0.0520048 -0.0340547 
0.0433178 0.0441988 -0.0525988 0.0463371 
0.0433178 0.0441988 -0.0525988 0.0463371 
0.0433178 0.0441988 -0.0525988 0.0463371 
0.0423588 0.0458555 -0.0467641 0.0479563 
0.0423588 0.0458555 -0.0467641 0.0479563 
0.0423588 0.0458555 -0.0467641 0.0479563 
0.0432779 0.0415627 -0.0524137 0.043155 
0.0432779 0.0415627 -0.0524137 0.043155 
0.0432779 0.0415627 -0.0524137 0.043155 
0.0432141 0.0400127 -0.0520789 0.0412478 
0.0432141 0.0400127 -0.0520789 0.0412478 
0.0432141 0.0400127 -0.0520789 0.0412478 
0.0427406 -0.0308902 -0.0483209 -0.040168 
0.0427406 -0.0308902 -0.0483209 -0.040168 
0.0427406 -0.0308902 -0.0483209 -0.040168 
0.0430786 -0.0379489 -0.0498152 -0.0488646 
0.0430786 -0.0379489 -0.0498152 -0.0488646 
0.0430786 -0.0379489 -0.0498152 -0.0488646 
0.0436791 -0.0132909 -0.0546244 -0.0207537 
0.0436791 -0.0132909 -0.0546244 -0.0207537 
0.0436791 -0.0132909 -0.0546244 -0.0207537 
0.0433841 -0.0281981 -0.0522866 -0.0378722 
0.0433841 -0.0281981 -0.0522866 -0.0378722 
0.0433841 -0.0281981 -0.0522866 -0.0378722 
0.0424197 -0.0421237 -0.0456576 -0.0526341 
0.0424197 -0.0421237 -0.0456576 -0.0526341 
0.0424197 -0.0421237 -0.0456576 -0.0526341 
0.0432625 -0.0362897 -0.0510269 -0.0471308 
0.0432625 -0.0362897 -0.0510269 -0.0471308 
0.0432625 -0.0362897 -0.0510269 -0.0471308 
0.0428523 0.0165144 -0.0499807 0.014078 
0.0428523 0.0165144 -0.0499807 0.014078 
0.0428523 0.0165144 -0.0499807 0.014078 
0.043738 0.016067 -0.0554025 0.0133603 
0.043738 0.016067 -0.0554025 0.0133603 
0.043738 0.016067 -0.0554025 0.0133603 
0.0430766 0.0179661 -0.051372 0.0156972 
0.0430766 0.0179661 -0.051372 0.0156972 
0.0430766 0.0179661 -0.051372 0.0156972 
0.0436338 0.0132107 -0.0547565 0.0100528 
0.0436338 0.0132107 -0.0547565 0.0100528 
0.0436338 0.0132107 -0.0547565 0.0100528 
0.0435032 0.00141241 -0.0538689 -0.00357351 
0.0435032 0.00141241 -0.0538689 -0.00357351 
0.0435032 0.00141241 -0.0538689 -0.00357351 
0.043882 0.00135342 -0.0562209 -0.00381456 
0.043882 0.00135342 -0.0562209 -0.00381456 
0.043882 0.00135342 -0.0562209 -0.00381456 
0.0437529 0.00139177 -0.0553706 -0.00372294 
0.0437529 0.00139177 -0.0553706 -0.00372294 
0.0437529 0.00139177 -0.0553706 -0.00372294 
0.0429171 0.0359278 -0.0502296 0.0364244 
0.0429171 0.0359278 -0.0502296 0.0364244 
0.0429171 0.0359278 -0.0502296 0.0364244 
0.0435376 0.0348173 -0.05405 0.0353143 
0.0435376 0.0348173 -0.05405 0.0353143 
0.0435376 0.0348173 -0.05405 0.0353143 
0.0434354 0.0393391 -0.0533696 0.0407098 
0.0434354 0.0393391 -0.0533696 0.0407098 
0.0434354 0.0393391 -0.0533696 0.0407098 
0.0425139 0.0398426 -0.0477764 0.0410552 
0.0425139 0.0398426 -0.0477764 0.0410552 
0.0425139 0.0398426 -0.0477764 0.0410552 
0.0430138 -0.0154471 -0.050561 -0.0226184 
0.0430138 -0.0154471 -0.050561 -0.0226184 
0.0430138 -0.0154471 -0.050561 -0.0226184 
0.042618 -0.0326355 -0.0474131 -0.0420968 
0.042618 -0.0326355 -0.0474131 -0.0420968 
0.042618 -0.0326355 -0.0474131 -0.0420968 
0.0433512 -0.0316134 -0.0518187 -0.0418665 
0.0433512 -0.0316134 -0.0518187 -0.0418665 
0.0433512 -0.0316134 -0.0518187 -0.0418665 
0.0429051 -0.0394183 -0.0487313 -0.0503697 
0.0429051 -0.0394183 -0.0487313 -0.0503697 
0.0429051 -0.0394183 -0.0487313 -0.0503697 
0.0422053 -0.0359652 -0.0448244 -0.0454557 
0.0422053 -0.0359652 -0.0448244 -0.0454557 
0.0422053 -0.0359652 -0.0448244 -0.0454557 
0.043566 -0.0103328 -0.0540201 -0.0172258 
0.043566 -0.0103328 -0.0540201 -0.0172258 
0.043566 -0.0103328 -0.0540201 -0.0172258 
0.0437564 -0.0147878 -0.0550721 -0.0225586 
0.0437564 -0.0147878 -0.0550721 -0.0225586 
0.0437564 -0.0147878 -0.0550721 -0.0225586 
0.043105 -0.0364637 -0.050101 -0.0472199 
0.043105 -0.0364637 -0.050101 -0.0472199 
0.043105 -0.0364637 -0.050101 -0.0472199 
0.0434633 0.0282665 -0.0537638 0.0274985 
0.0434633 0.0282665 -0.0537638 0.0274985 
0.0434633 0.0282665 -0.0537638 0.0274985 
0.0438247 0.0176446 -0.0559435 0.015172 
0.0438247 0.0176446 -0.0559435 0.015172 
0.0438247 0.0176446 -0.0559435 0.015172 
0.0286365 0.00826358 0.0142895 0.00747038 
0.0286365 0.00826358 0.0142895 0.00747038 
0.0286365 0.00826358 0.0142895 0.00747038 
0.0286215 -0.0257794 0.0134991 -0.019523 
0.0286215 -0.0257794 0.0134991 -0.019523 
0.0286215 -0.0257794 0.0134991 -0.019523 
0.0337407 0.0388608 -0.0053968 0.0357351 
0.0337407 0.0388608 -0.0053968 0.0357351 
0.0337407 0.0388608 -0.0053968 0.0357351 
0.0376438 -0.0425789 -0.021166 -0.0462092 
0.0376438 -0.0425789 -0.021166 -0.0462092 
0.0376438 -0.0425789 -0.021166 -0.0462092 
0.0224631 0.0292389 0.029098 0.0198939 
0.0224631 0.0292389 0.029098 0.0198939 
0.0224631 0.0292389 0.029098 0.0198939 
-0.0324354 0.00825424 0.0118275 -0.00800831 
-0.0324354 0.00825424 0.0118275 -0.00800831 
-0.0324354 0.00825424 0.0118275 -0.00800831 
-0.0407475 -0.0391553 -0.0249457 0.0514519 
-0.0407475 -0.0391553 -0.0249457 0.0514519 
-0.0407475 -0.0391553 -0.0249457 0.0514519 
-0.0324469 -0.0247647 0.00765803 0.0266073 
-0.0324469 -0.0247647 0.00765803 0.0266073 
-0.0324469 -0.0247647 0.00765803 0.0266073 
-0.0376149 0.0400672 -0.00431037 -0.0483718 
-0.0376149 0.0400672 -0.00431037 -0.0483718 
-0.0376149 0.0400672 -0.00431037 -0.0483718 
0.0401658 0.0433812 -0.0347515 0.0441511 
0.0401658 0.0433812 -0.0347515 0.0441511 
0.0401658 0.0433812 -0.0347515 0.0441511 
0.0406523 -0.0270448 -0.0367054 -0.0334795 
0.0406523 -0.0270448 -0.0367054 -0.0334795 
0.0406523 -0.0270448 -0.0367054 -0.0334795 
0.0141067 -0.0264701 0.0427905 -0.00619902 
0.0141067 -0.0264701 0.0427905 -0.00619902 
0.0141067 -0.0264701 0.0427905 -0.00619902 
0.0148099 0.00718645 0.0437179 0.00602657 
0.0148099 0.00718645 0.0437179 0.00602657 
0.0148099 0.00718645 0.0437179 0.00602657 
-0.0442488 0.0396705 -0.0316346 -0.0562649 
-0.0442488 0.0396705 -0.0316346 -0.0562649 
-0.0442488 0.0396705 -0.0316346 -0.0562649 
0.0224322 -0.0417318 0.0269472 -0.0241445 
0.0224322 -0.0417318 0.0269472 -0.0241445 
0.0224322 -0.0417318 0.0269472 -0.0241445 
0.0348014 -0.0102055 -0.00948528 -0.0108827 
0.0348014 -0.0102055 -0.00948528 -0.0108827 
0.0348014 -0.0102055 -0.00948528 -0.0108827 
-0.044205 -0.00795485 -0.037538 0.0108778 
-0.044205 -0.00795485 -0.037538 0.0108778 
-0.044205 -0.00795485 -0.037538 0.0108778 
0.0328785 -0.0426374 -0.00175164 -0.0399759 
0.0328785 -0.0426374 -0.00175164 -0.0399759 
0.0328785 -0.0426374 -0.00175164 -0.0399759 
0.0405416 0.0103471 -0.0368611 0.00786868 
0.0405416 0.0103471 -0.0368611 0.00786868 
0.0405416 0.0103471 -0.0368611 0.00786868 
-0.0307816 0.0262646 0.0187433 -0.0252938 
-0.0307816 0.0262646 0.0187433 -0.0252938 
-0.0307816 0.0262646 0.0187433 -0.0252938 
0.0128875 0.0370556 0.0443581 0.0146066 
0.0128875 0.0370556 0.0443581 0.0146066 
0.0128875 0.0370556 0.0443581 0.0146066 
-0.028928 -0.0382541 0.0141177 0.0371755 
-0.028928 -0.0382541 0.0141177 0.0371755 
-0.028928 -0.0382541 0.0141177 0.0371755 
-0.0411741 0.0252007 -0.0189912 -0.0337642 
-0.0411741 0.0252007 -0.0189912 -0.0337642 
-0.0411741 0.0252007 -0.0189912 -0.0337642 
0.0228474 -0.0091303 0.0304097 -0.00328054 
0.0228474 -0.0091303 0.0304097 -0.00328054 
0.0228474 -0.0091303 0.0304097 -0.00328054 
-0.0446451 -0.0366648 -0.0429388 0.0515283 
-0.0446451 -0.0366648 -0.0429388 0.0515283 
-0.0446451 -0.0366648 -0.0429388 0.0515283 
-0.028785 0.0381711 0.0214051 -0.034961 
-0.028785 0.0381711 0.0214051 -0.034961 
-0.028785 0.0381711 0.0214051 -0.034961 
0.0102036 -0.0407761 0.0438318 -0.00716907 
0.0102036 -0.0407761 0.0438318 -0.00716907 
0.0102036 -0.0407761 0.0438318 -0.00716907 
0.0279616 0.041576 0.014266 0.0333605 
0.0279616 0.041576 0.014266 0.0333605 
0.0279616 0.041576 0.014266 0.0333605 
-0.0297081 -0.00891055 0.0198817 0.00913906 
-0.0297081 -0.00891055 0.0198817 0.00913906 
-0.0297081 -0.00891055 0.0198817 0.00913906 
0.0376603 0.0281175 -0.0222087 0.0268582 
0.0376603 0.0281175 -0.0222087 0.0268582 
0.0376603 0.0281175 -0.0222087 0.0268582 
-0.03758 -0.00864213 -0.00839295 0.0107014 
-0.03758 -0.00864213 -0.00839295 0.0107014 
-0.03758 -0.00864213 -0.00839295 0.0107014 
0.0109856 -0.0102114 0.0457906 0.000890684 
0.0109856 -0.0102114 0.0457906 0.000890684 
0.0109856 -0.0102114 0.0457906 0.000890684 
0.0184498 -0.0343202 0.0362366 -0.0142357 
0.0184498 -0.0343202 0.0362366 -0.0142357 
0.0184498 -0.0343202 0.0362366 -0.0142357 
0.0406632 -0.00835895 -0.037567 -0.0129972 
0.0406632 -0.00835895 -0.037567 -0.0129972 
0.0406632 -0.00835895 -0.037567 -0.0129972 
