*values
10
308.934 315.908 2408.98 5831.66 6062.21 6141.57 20632.2 27928.6 28214.6 46426.2
*vectors
399
10
0.495335 0.189661 0.00183493 -1.55768 1.17443 -0.502586 0.0198346 -1.32633 -1.62657 -1.30917 
-0.68119 -1.54109 -1.21954 -0.00634179 -0.587498 0.810256 1.21312 0.145734 0.598951 0.280619 
-1.54126 0.673133 1.22414 0.245434 -0.794847 -0.52699 -1.22791 0.584685 0.32445 0.285787 
0.168822 0.0546977 0.00179879 -1.33326 0.21547 -0.297822 0.00286063 -0.320895 -0.365542 -0.521741 
-0.677443 -1.53948 -0.399739 -0.0300749 -0.54674 0.777177 0.340719 -0.0278866 0.528047 0.0555007 
-1.53932 0.672326 0.405606 0.220782 -0.764044 -0.520583 -0.366423 0.551187 0.115066 0.0588958 
0.395744 -0.0418613 -0.0044935 -1.53715 0.757787 0.0578424 0.0449441 -1.22552 -0.56378 -0.968105 
-0.680797 -1.54003 -1.21164 -0.027651 -0.570558 0.801287 1.15209 0.0136552 0.54536 0.0778956 
-1.54327 0.678475 0.409147 0.242541 -0.788634 -0.532654 -0.394579 0.65824 0.16052 0.268747 
0.266636 0.289683 0.00756453 -1.36067 0.607044 -0.854399 -0.0228979 -0.320974 -1.28477 -0.987687 
-0.678535 -1.54058 -0.403581 -0.0175326 -0.561179 0.798864 0.371319 -0.00644372 0.603998 0.224614 
-1.54095 0.674682 1.21651 0.227583 -0.778787 -0.529737 -1.16301 0.548957 0.197784 0.0847551 
0.0683804 -0.165248 -0.00146381 -1.36588 -0.143495 0.20548 0.0112268 -0.377754 0.278407 -0.599459 
-0.676811 -1.54219 -0.399576 -0.0536128 -0.5469 0.780975 0.340717 -0.0858461 0.533099 -0.21161 
-1.54294 0.677931 -0.394947 0.221208 -0.766594 -0.526988 0.348474 0.55051 0.025188 0.239709 
0.296087 -0.265137 0.00758798 -1.55796 0.382687 0.575942 -0.083917 -1.28051 0.27436 -1.2095 
-0.682145 -1.53793 -1.2109 -0.0572075 -0.565277 0.801749 1.14987 -0.152624 0.536487 -0.317043 
-1.54248 0.671683 -0.400701 0.244904 -0.787091 -0.539273 0.401598 0.676225 0.0214452 0.544287 
-0.0576668 0.156023 0.00452747 -1.19728 -0.292461 -0.64242 -0.0136322 0.356133 -0.270475 -0.700568 
-0.676661 -1.53885 0.402555 -0.0305022 -0.537199 0.782361 -0.38619 -0.076356 0.521821 0.250782 
-1.54121 0.677882 0.403983 0.192437 -0.762722 -0.531606 -0.353485 0.543168 0.0391648 -0.311546 
-0.031399 -0.394018 -0.0101576 -1.4466 -0.534736 0.767987 0.0764702 -0.590671 1.23763 -1.20213 
-0.678242 -1.54211 -0.404848 -0.0664147 -0.561183 0.801435 0.388366 -0.128301 0.619721 -0.394146 
-1.54747 0.679583 -1.20828 0.229529 -0.786912 -0.535839 1.17304 0.541068 -0.0348467 0.416829 
-0.156919 -0.0663963 0.00133595 -1.22394 -0.646742 -0.140949 -0.007099 0.295144 0.357296 -0.632457 
-0.677571 -1.53612 0.401686 -0.0536507 -0.5473 0.774995 -0.377669 -0.0264339 0.53368 -0.0640607 
-1.54196 0.675896 -0.392758 0.193295 -0.772099 -0.524437 0.326768 0.522004 0.0867668 -0.152121 
-0.385479 0.0377062 -0.00620437 -1.11002 -1.18802 -0.508241 0.0597149 1.09719 0.511807 -1.00702 
-0.675356 -1.54259 1.20634 -0.0514644 -0.552514 0.780571 -1.11948 0.0424179 0.509659 0.0407162 
-1.5422 0.673591 -0.393907 0.184991 -0.791838 -0.536478 0.334885 0.592701 0.119218 -0.373047 
0.0395095 0.386727 -0.00244098 -1.16643 0.0600356 -1.12994 0.0594979 0.405199 -0.81558 -0.821096 
-0.577049 -1.30341 0.394962 -0.00523267 -0.139239 0.212792 -0.295698 0.0292692 -0.367671 0.0702198 
-1.30981 0.576449 1.17049 0.0434929 -0.185722 -0.137338 -0.791894 -0.46796 -0.0783859 -0.017739 
0.0396767 0.390465 -0.00188167 -1.2124 0.074618 -1.20086 0.0645237 0.516782 -1.11941 -1.3215 
-0.676816 -1.54229 0.406234 -0.0135071 -0.547188 0.807111 -0.418276 -0.104635 0.617285 0.538697 
-1.54211 0.6773 1.21367 0.194585 -0.771458 -0.544226 -1.13404 0.545437 -0.00238586 -0.449968 
-0.188967 0.494644 0.00378615 -1.1013 -0.467124 -1.63087 0.0276656 1.56871 -1.26243 -2.29764 
-0.676175 -1.54804 1.22 -0.0174989 -0.539279 0.836803 -1.23551 -0.280342 0.587813 0.765001 
-1.54276 0.674641 1.22127 0.182562 -0.780546 -0.560579 -1.19353 0.575513 -0.10575 -0.709132 
0.0388117 0.376001 -0.00510519 -1.11022 0.027474 -0.967986 0.0624576 0.166812 -0.30755 -0.281172 
-0.472257 -1.08157 0.372658 0.031951 0.233413 -0.321931 -0.113702 0.104815 -0.907495 -0.00428241 
-1.07644 0.471668 1.09806 -0.101321 0.34147 0.219763 -0.281779 -0.96522 -0.145239 0.0648605 
0.265412 0.281718 0.00998853 -1.30858 0.54835 -0.786807 -0.0419794 -0.248855 -0.882994 -0.632516 
-0.576024 -1.31069 -0.389165 -0.00625821 -0.147084 0.210094 0.275486 0.0432206 -0.382311 0.00455934 
-1.30974 0.575831 1.16973 0.0518057 -0.196589 -0.133214 -0.782557 -0.45041 0.0111273 0.0314118 
0.0372551 0.354668 -0.00965305 -1.03176 -0.027276 -0.729761 0.0640846 -0.0661763 0.224387 0.30376 
-0.371069 -0.861127 0.337276 0.0495327 0.516192 -0.707181 0.0959277 0.071974 -0.723589 0.00568177 
-0.848783 0.374969 0.989344 -0.215803 0.758427 0.483716 0.330925 -0.80198 -0.149432 0.0375252 
0.257172 0.280667 0.0134078 -1.22714 0.438812 -0.684564 -0.0585525 -0.105157 -0.331931 -0.167441 
-0.474667 -1.07994 -0.363674 0.0312964 0.222109 -0.323166 0.105565 0.109459 -0.900385 0.000769039 
-1.08007 0.482458 1.09606 -0.097298 0.335257 0.228434 -0.264527 -0.972447 -0.0982597 0.0416273 
0.460417 0.17667 -0.00108645 -1.22039 0.600681 -0.38478 0.00696239 0.31543 0.253862 0.409766 
-0.379119 -0.857794 -0.988445 0.0794815 0.482636 -0.779489 -0.345049 0.230185 -0.865733 0.0744638 
-0.851671 0.374453 1.01812 -0.210714 0.742007 0.539815 0.237409 -0.92364 -0.0506574 0.0214906 
0.247519 0.261201 0.013523 -1.11995 0.285061 -0.531323 -0.0510681 0.0223932 0.22202 0.35741 
-0.378267 -0.853942 -0.334782 0.0623836 0.477435 -0.724715 -0.0655476 0.137468 -0.712663 0.0391082 
-0.851352 0.374877 0.995942 -0.210052 0.73039 0.520623 0.296208 -0.822106 -0.0679167 0.0364821 
0.423412 0.158857 -0.00489859 -1.03238 0.217671 -0.280558 -0.000897677 0.68752 0.830906 1.05685 
-0.281427 -0.639189 -0.855807 0.0754103 0.683946 -1.0354 -0.88665 0.0421394 -0.0967304 0.0202015 
-0.639499 0.275037 0.888783 -0.241397 0.958838 0.721344 0.835826 -0.159937 -0.0338054 0.0438272 
0.227995 0.241428 0.00903319 -0.976795 0.0898096 -0.347338 -0.0273943 0.120696 0.604195 0.845143 
-0.279255 -0.641618 -0.291714 0.0672136 0.677885 -0.973496 -0.235317 0.0186068 -0.111227 0.00907517 
-0.632412 0.276767 0.878861 -0.277093 0.982812 0.688475 0.761529 -0.148832 -0.0257007 0.000112711 
-0.155871 0.418755 0.000741704 -0.898003 -0.193428 -0.575731 0.0312857 -0.771602 0.574207 1.02062 
-0.274326 -0.644064 0.863965 0.0725482 0.744409 -0.982009 0.8863 -0.016282 -0.140621 0.0262741 
-0.631689 0.276973 0.899105 -0.301854 1.01975 0.65514 0.762713 -0.180927 -0.0513097 -0.000296031 
0.0322983 0.326968 -0.0164909 -0.917126 -0.0875728 -0.45316 0.0580077 -0.211325 0.522581 0.843143 
-0.276635 -0.641353 0.303682 0.067945 0.695251 -0.968412 0.259622 0.0123308 -0.12243 -0.00348675 
-0.634633 0.281054 0.877191 -0.278542 0.980836 0.671419 0.756521 -0.137399 -0.0161784 0.022159 
0.0330087 0.272137 -0.0178355 -0.787424 -0.139324 -0.156299 0.0295423 -0.213084 0.550204 1.14069 
-0.19321 -0.441992 0.241882 0.0770124 0.708331 -0.995466 0.387972 -0.0791374 0.689719 0.0179758 
-0.433159 0.190416 0.712669 -0.304163 1.02528 0.691939 1.09414 0.727659 0.114073 -0.033198 
-0.136012 0.360932 0.0060861 -0.815232 -0.113879 -0.152363 0.00511739 -0.753378 0.591345 1.45348 
-0.191263 -0.44573 0.715211 0.0800136 0.760968 -1.02031 1.24617 -0.0491431 0.836062 0.0571414 
-0.439018 0.195286 0.720136 -0.316373 1.03469 0.668758 1.19899 0.761918 0.163131 -0.0409462 
0.193997 0.212595 0.0147334 -0.781552 -0.120089 -0.141668 -0.00985162 0.140341 0.602415 1.1929 
-0.191952 -0.442012 -0.235016 0.0580218 0.716482 -1.00839 -0.344438 -0.075558 0.695932 -0.00826264 
-0.436586 0.192483 0.719816 -0.285284 1.01366 0.707473 1.10262 0.746885 0.0574964 -0.0465843 
0.159898 0.168718 0.013079 -0.605704 -0.247909 0.0140263 0.0107049 0.10529 0.310024 1.22899 
-0.119362 -0.267734 -0.185101 0.057553 0.601258 -0.866297 -0.35402 -0.14356 1.22076 0.0209449 
-0.266231 0.111113 0.542574 -0.227819 0.859752 0.608681 1.14894 1.31272 0.116758 -0.0421695 
0.102518 0.122336 0.0200629 -0.397552 -0.273182 0.113368 0.0288727 0.0298609 -0.091998 0.953901 
-0.0690149 -0.14219 -0.114196 0.0402172 0.407977 -0.58605 -0.26786 -0.141234 1.08947 0.014619 
-0.144082 0.0658368 0.334331 -0.161795 0.576339 0.403007 0.885286 1.20134 0.112019 -0.0110451 
-0.102713 0.291977 -0.00395519 -0.683058 -0.0530377 0.167587 0.0053685 -0.298566 0.323502 1.4336 
-0.114259 -0.279974 0.532248 0.071015 0.641381 -0.859217 1.21881 -0.0538237 1.37603 0.0359859 
-0.269639 0.128667 0.561375 -0.283427 0.883151 0.580003 1.25764 1.37672 0.274247 -0.0119296 
0.0186345 0.244109 -0.0185113 -0.627221 -0.162812 0.0410596 -0.00438022 -0.122523 0.294223 1.1847 
-0.117767 -0.277338 0.197167 0.0746377 0.603639 -0.84766 0.417318 -0.128731 1.19229 0.0160586 
-0.269753 0.120979 0.545768 -0.263314 0.854598 0.576791 1.14426 1.25862 0.19133 -0.0221357 
0.0633234 0.0736091 0.0162402 -0.202188 -0.202794 0.117073 0.029672 0.000531709 -0.185366 0.550817 
-0.0270381 -0.0590639 -0.0613305 0.0284846 0.196097 -0.27367 -0.163915 -0.0884549 0.60551 0.000763592 
-0.0558268 0.0251493 0.211318 -0.0827412 0.273346 0.190852 0.60514 0.689059 0.0632076 0.0176146 
-0.0714452 0.211691 -0.00816772 -0.508578 -0.0107888 0.337376 -0.0132861 0.179949 -0.0982381 1.17331 
-0.0597292 -0.147416 0.326816 0.0607138 0.43302 -0.589602 0.934768 -0.0346176 1.30618 0.011128 
-0.141509 0.0735181 0.350414 -0.194552 0.591033 0.395374 0.983443 1.29117 0.280836 0.0263985 
0.0200658 0.151552 -0.0274785 -0.436666 -0.160469 0.174046 -0.0438115 0.0424031 -0.06851 0.935522 
-0.0654765 -0.147344 0.115007 0.0527978 0.405693 -0.581358 0.313892 -0.121357 1.08274 0.00439515 
-0.139603 0.0675283 0.338304 -0.174001 0.578781 0.399413 0.879861 1.19689 0.18953 0.000606258 
-0.0354722 0.123791 -0.0068524 -0.286263 -0.00487079 0.302951 -0.0200132 0.327533 -0.273278 0.659589 
-0.0196096 -0.0549553 0.145173 0.0374219 0.190414 -0.271158 0.462501 -0.0224191 0.692611 0.00743567 
-0.0508155 0.0328724 0.189525 -0.101222 0.265727 0.183786 0.585783 0.714262 0.161675 0.0406311 
0.00798337 0.101981 -0.0151184 -0.228581 -0.11174 0.165962 -0.0363445 0.0755138 -0.186168 0.519214 
-0.0248687 -0.0534014 0.0548913 0.0264098 0.183134 -0.269902 0.166086 -0.0729445 0.575333 0.0192365 
-0.0499079 0.0279188 0.192282 -0.0916154 0.263077 0.186002 0.544318 0.669044 0.104072 0.024401 
-0.256894 -0.285212 0.00556043 -1.24615 -0.985225 0.358488 -0.0555792 0.213865 0.913322 -0.631 
-0.574664 -1.3108 0.395094 -0.0187866 -0.147879 0.204399 -0.300507 0.0722438 -0.371277 -0.0191974 
-1.3142 0.579067 -1.16432 0.0439097 -0.206163 -0.126094 0.795081 -0.48635 -0.00746052 -0.0116575 
-0.257995 -0.289113 0.00471337 -1.2968 -1.04336 0.39362 -0.055297 0.25066 1.24228 -1.06989 
-0.676829 -1.54169 0.404471 -0.072094 -0.565934 0.792216 -0.399635 -0.0226604 0.644099 -0.340938 
-1.54544 0.677228 -1.20419 0.196425 -0.7958 -0.52937 1.12305 0.501599 0.14968 -0.17912 
-0.485432 -0.193915 -0.000181472 -1.18757 -1.62755 0.0406841 -0.0148966 1.18759 1.60648 -1.51012 
-0.675667 -1.54692 1.21597 -0.071682 -0.584443 0.796448 -1.19666 0.147572 0.640684 -0.27933 
-1.54478 0.672 -1.21492 0.183338 -0.819077 -0.53893 1.20909 0.531674 0.257453 -0.495738 
-0.482885 -0.1909 -0.00364845 -1.14405 -1.5372 0.0220819 0.020366 0.940554 1.21053 -1.02659 
-0.574078 -1.31355 1.18629 -0.0209955 -0.154708 0.204048 -0.922697 0.169304 -0.441863 -0.0243448 
-1.31317 0.571293 -1.17838 0.039422 -0.230107 -0.135783 0.896793 -0.449121 0.0645568 -0.131851 
-0.249544 -0.280782 0.00652208 -1.17885 -0.849522 0.276526 -0.0545965 0.102116 0.354038 -0.194409 
-0.474251 -1.07628 0.373818 0.00690493 0.221733 -0.324698 -0.123812 0.120611 -0.882766 -0.0261349 
-1.08022 0.471214 -1.09215 -0.103738 0.319691 0.233409 0.273749 -0.979746 -0.0830738 0.0422929 
-0.030919 -0.386812 -0.00894707 -1.39015 -0.48575 0.688994 0.0515959 -0.450445 0.825266 -0.807443 
-0.575888 -1.31187 -0.391148 -0.0185765 -0.148939 0.211886 0.288186 0.0329998 -0.381547 -0.0454952 
-1.31466 0.577545 -1.16341 0.0539329 -0.205846 -0.139086 0.786327 -0.449626 -0.0961616 0.0931849 
-0.472545 -0.183052 -0.0026205 -1.08957 -1.30376 0.0137562 -0.000635707 0.298181 0.487961 -0.26619 
-0.474165 -1.07958 1.11041 0.00943325 0.213207 -0.347897 -0.305105 0.240711 -1.01345 -0.0729583 
-1.08204 0.471466 -1.10638 -0.108914 0.308213 0.23965 0.325425 -1.05599 -0.0277667 0.0407076 
-0.237914 -0.261426 0.0108293 -1.07557 -0.639398 0.149793 -0.060647 -0.00985308 -0.249183 0.358491 
-0.376252 -0.852736 0.340282 0.0290866 0.488942 -0.725659 0.0846342 0.111222 -0.72738 -0.0535453 
-0.854324 0.373776 -0.986977 -0.220736 0.723034 0.52155 -0.321202 -0.815067 -0.065427 0.0389151 
-0.0306631 -0.376392 -0.0123074 -1.29513 -0.430311 0.558725 0.0644545 -0.193303 0.315168 -0.25456 
-0.475106 -1.0778 -0.364961 0.00532046 0.222809 -0.314935 0.111543 0.0969167 -0.886453 -0.00634166 
-1.08136 0.472543 -1.0919 -0.0958508 0.325264 0.223725 0.27114 -0.978587 -0.136266 0.032655 
-0.451873 -0.172483 0.00207526 -1.0157 -0.977893 -0.0255742 -0.0305368 -0.261727 -0.288371 0.473719 
-0.375636 -0.859928 1.01338 0.028976 0.472774 -0.775753 0.310481 0.228754 -0.832915 -0.139867 
-0.858542 0.378618 -1.00597 -0.231052 0.711544 0.53474 -0.304863 -0.895327 -0.0186533 0.0341749 
-0.216796 -0.24521 0.019622 -0.938863 -0.402342 0.00698218 -0.068086 -0.0678265 -0.601019 0.840159 
-0.278321 -0.641677 0.305907 0.0387626 0.675641 -0.973053 0.24499 0.0154147 -0.131885 -0.0420301 
-0.636674 0.285761 -0.870193 -0.286949 0.991285 0.666636 -0.75783 -0.124849 -0.0423573 0.0105983 
-0.0296927 -0.356146 -0.0155888 -1.16268 -0.342834 0.361975 0.0673053 0.0632632 -0.223843 0.311264 
-0.374682 -0.857557 -0.333975 0.00970955 0.501936 -0.688469 -0.0630619 0.0399554 -0.693436 -0.0837648 
-0.854842 0.377407 -0.988829 -0.202268 0.744818 0.486459 -0.306313 -0.811201 -0.140628 0.0547416 
-0.0251084 -0.292871 -0.015628 -0.802546 -0.141348 -0.091757 0.0103987 0.285131 -0.61309 1.11217 
-0.192207 -0.446622 -0.238734 0.0347911 0.708092 -1.01658 -0.347734 -0.0832437 0.668713 0.0028931 
-0.434906 0.192037 -0.729793 -0.28328 1.05657 0.690255 -1.06226 0.736676 0.102366 -0.0352531 
0.17081 -0.422716 0.00254945 -1.06485 -0.0926716 0.252161 0.00823963 0.847218 -0.605735 0.943988 
-0.279048 -0.637553 -0.883443 0.0287804 0.745968 -1.00388 -0.805685 -0.0166473 -0.184505 -0.0226737 
-0.638064 0.290101 -0.884745 -0.245168 1.04364 0.641911 -0.789695 -0.184643 -0.0553969 0.0527503 
-0.0264509 -0.331037 -0.0108066 -0.995414 -0.243553 0.133017 0.0314855 0.245439 -0.553774 0.79873 
-0.281689 -0.637532 -0.289335 0.0397296 0.674331 -0.959912 -0.236093 0.00884983 -0.124526 -0.0193244 
-0.637824 0.280074 -0.877092 -0.261104 0.986932 0.652943 -0.745522 -0.138576 -0.0418508 0.0343239 
-0.151846 -0.181787 0.0185085 -0.611355 0.0364937 -0.224052 -0.00468041 -0.0512733 -0.336907 1.16687 
-0.121538 -0.263901 0.183767 0.040317 0.599782 -0.880188 0.4095 -0.155393 1.22004 0.028967 
-0.270184 0.117755 -0.553823 -0.267789 0.865731 0.609437 -1.12217 1.32479 0.107328 -0.0585919 
-0.189395 -0.211742 0.015264 -0.790124 -0.163437 -0.116622 -0.0346135 -0.0786368 -0.597745 1.11872 
-0.192799 -0.445444 0.247318 0.0392446 0.70017 -1.01031 0.37612 -0.0897424 0.667735 -0.0136886 
-0.442271 0.19761 -0.723715 -0.307212 1.01274 0.685652 -1.06272 0.72354 0.0598642 -0.0495347 
-0.361152 -0.141719 0.00176947 -0.807423 -0.140073 -0.129264 -0.0296928 -0.612657 -0.810344 1.37501 
-0.195866 -0.442318 0.72845 0.0297151 0.694635 -1.08042 1.1969 -0.1644 0.778122 -0.0395122 
-0.438792 0.186845 -0.725072 -0.330913 1.02303 0.734221 -1.13419 0.799025 0.0226666 -0.0662341 
-0.290008 -0.113805 -0.00174377 -0.670062 0.178819 -0.144896 -0.0263373 -0.259176 -0.431641 1.47216 
-0.1244 -0.273507 0.551296 0.0266246 0.589631 -0.925361 1.28741 -0.319125 1.41561 0.0490827 
-0.278422 0.117822 -0.554806 -0.282417 0.859466 0.617899 -1.23152 1.40898 0.0451794 -0.0606903 
-0.0175054 -0.155003 -0.019347 -0.368818 0.0360724 -0.334657 -0.0335234 0.00426298 0.0956922 0.931709 
-0.0676592 -0.132383 -0.107711 0.0188322 0.412089 -0.590473 -0.260281 -0.109073 1.12526 0.038743 
-0.132931 0.0631676 -0.332858 -0.16576 0.5975 0.388212 -0.852892 1.23834 0.237538 -0.0476526 
-0.0200052 -0.22754 -0.0251013 -0.591306 -0.0382128 -0.273432 -0.0187138 0.164284 -0.279104 1.16897 
-0.121833 -0.274764 -0.175088 0.0371741 0.603384 -0.869624 -0.350342 -0.135497 1.19473 0.0107908 
-0.275688 0.117609 -0.540312 -0.249765 0.870858 0.587367 -1.11792 1.28073 0.167661 -0.0533126 
-0.0159778 -0.08972 -0.0124255 -0.183939 0.0514315 -0.230882 -0.0250489 -0.0295118 0.163778 0.533618 
-0.0234527 -0.0622726 -0.0465265 -0.00262438 0.188934 -0.276052 -0.11966 -0.0569834 0.597991 0.0309857 
-0.0523223 0.0216437 -0.194617 -0.0792639 0.279303 0.180523 -0.537725 0.679418 0.123651 -0.0152015 
-0.1032 -0.127 0.0283439 -0.410312 0.135008 -0.254544 0.0449694 0.00178794 0.0659834 0.943197 
-0.0703373 -0.144193 0.119933 0.0171407 0.404298 -0.596372 0.326769 -0.153455 1.09639 0.0585042 
-0.142792 0.0611009 -0.348289 -0.174798 0.585839 0.399607 -0.887735 1.22508 0.124875 -0.0521561 
-0.206353 -0.0848499 0.000290457 -0.483427 0.341147 -0.149889 -0.00755761 0.129981 0.0732113 1.18046 
-0.0708528 -0.143034 0.360242 0.00780415 0.398759 -0.62291 1.01615 -0.301319 1.29743 0.0913246 
-0.148696 0.058424 -0.367771 -0.198804 0.596296 0.414994 -0.999868 1.36114 0.0594642 -0.0311831 
-0.0616801 -0.0784229 0.0139018 -0.207156 0.138496 -0.204499 0.0300204 0.015026 0.209574 0.544299 
-0.0289089 -0.0550515 0.0532354 0.00320887 0.192514 -0.276209 0.1629 -0.0862933 0.600033 0.0289407 
-0.0515986 0.0163092 -0.214037 -0.0912479 0.276784 0.178416 -0.593133 0.701495 0.0775798 -0.0127511 
-0.10767 -0.0439539 0.00574828 -0.253581 0.273663 -0.114314 0.0222441 0.203117 0.292567 0.622649 
-0.0322629 -0.0425859 0.172192 -0.00830035 0.190824 -0.266604 0.52715 -0.135506 0.683562 0.0634557 
-0.0470665 0.0124549 -0.185199 -0.0961069 0.259189 0.167261 -0.549649 0.718391 0.0411509 -0.0168847 
0.389815 -0.0355134 -0.00759896 -1.46925 0.688748 0.0409099 0.0665427 -0.860135 -0.415827 -0.619268 
-0.576236 -1.31596 -1.16587 -0.00725813 -0.15292 0.212784 0.797179 0.068097 -0.444718 0.00880547 
-1.30986 0.571642 0.392831 0.0658423 -0.218182 -0.146781 -0.272193 -0.292698 -0.00988947 0.0771603 
0.491323 0.189492 0.0030155 -1.50689 1.0979 -0.48547 0.00706918 -1.02245 -1.28194 -0.977785 
-0.578855 -1.31302 -1.18364 0.00256243 -0.171704 0.227181 0.911514 0.169469 -0.427314 0.0789143 
-1.31209 0.578086 1.18876 0.0640991 -0.21585 -0.147195 -0.912161 -0.430826 0.0821255 0.0962139 
0.29387 -0.265076 0.00584524 -1.49601 0.342256 0.53494 -0.0548872 -0.949209 0.245786 -0.793593 
-0.578304 -1.3124 -1.16685 -0.015898 -0.154893 0.217173 0.806246 0.0059773 -0.423966 -0.0400951 
-1.31302 0.57696 -0.389589 0.0681727 -0.220455 -0.147354 0.295841 -0.292111 -0.0502793 0.15599 
0.193894 -0.485123 -0.00288681 -1.58579 -0.000214124 1.09232 -0.00472244 -1.31559 1.04947 -1.53748 
-0.579663 -1.31225 -1.18491 -0.0262314 -0.155924 0.231289 0.939946 -0.07873 -0.436492 -0.149218 
-1.31655 0.577455 -1.18278 0.067202 -0.218441 -0.153827 0.935908 -0.408082 -0.165461 0.249027 
0.197641 -0.496456 -0.00292972 -1.66066 0.00153171 1.16599 -0.00690754 -1.72196 1.38327 -2.42139 
-0.683115 -1.54212 -1.22814 -0.0868804 -0.586484 0.843527 1.31134 -0.328271 0.7322 -0.930377 
-1.55217 0.68629 -1.22424 0.260708 -0.812863 -0.560123 1.32724 0.745842 -0.137096 1.10956 
0.385037 -0.0472194 -0.0103507 -1.36778 0.563364 0.0151908 0.0711169 -0.353748 -0.177603 -0.188356 
-0.476854 -1.07735 -1.09451 0.0201458 0.22535 -0.327961 0.299812 0.124907 -0.982261 -0.0049757 
-1.07875 0.470226 0.366575 -0.0796756 0.302044 0.21327 -0.0834568 -0.847317 -0.0763679 0.0727608 
0.482586 0.181797 0.00124098 -1.38259 0.906824 -0.446844 0.0131998 -0.361238 -0.556553 -0.269928 
-0.476271 -1.08518 -1.1054 0.0335321 0.207629 -0.333764 0.326649 0.222653 -1.02958 0.0243372 
-1.07894 0.47317 1.12331 -0.0902911 0.322393 0.233002 -0.409568 -1.05168 -0.0236687 0.0528765 
0.287089 -0.257102 0.00909436 -1.3889 0.274022 0.433101 -0.0610689 -0.399166 0.115895 -0.271834 
-0.476861 -1.07927 -1.09443 0.015101 0.228117 -0.324656 0.29735 0.0899213 -0.988163 0.031402 
-1.08017 0.471224 -0.365647 -0.0799379 0.306244 0.210061 0.107742 -0.862122 -0.119125 0.0711713 
0.364823 -0.0390265 -0.0117478 -1.21512 0.370797 -0.0249904 0.0599695 0.193619 0.079602 0.341624 
-0.375796 -0.856674 -0.997556 0.0498033 0.508742 -0.76058 -0.24533 0.147445 -0.843706 0.0109415 
-0.85399 0.371901 0.328525 -0.189213 0.695171 0.497462 0.130348 -0.742686 -0.0547512 0.0602941 
0.191886 -0.483301 -0.000323704 -1.45603 -0.0315173 0.909211 -0.0123704 -0.51065 0.479376 -0.515223 
-0.476135 -1.08526 -1.10754 0.00197043 0.237063 -0.312272 0.336193 0.00837419 -1.05522 0.00550144 
-1.08358 0.472989 -1.12119 -0.0872873 0.326501 0.21285 0.427978 -1.04889 -0.221945 0.0547496 
0.336484 -0.0344963 -0.0143682 -1.03157 0.140613 -0.0716535 0.0488046 0.57412 0.240123 0.811468 
-0.278789 -0.639607 -0.876204 0.055169 0.705561 -1.01443 -0.741137 0.0313121 -0.186089 -0.0172127 
-0.638156 0.278399 0.289026 -0.235093 0.951651 0.656381 0.271472 -0.15393 -0.0341495 0.0412608 
0.273943 -0.242691 0.0155591 -1.23206 0.168875 0.283794 -0.0732103 0.186445 -0.00979578 0.291233 
-0.374649 -0.85633 -1.00444 0.0326606 0.537449 -0.739659 -0.218473 0.0598466 -0.867708 0.00790042 
-0.855881 0.37748 -0.336075 -0.182823 0.70653 0.472695 -0.0760803 -0.728976 -0.119905 0.0815084 
0.182541 -0.458784 0.00283082 -1.28199 -0.0636253 0.625379 -0.0176095 0.299116 -0.153457 0.317201 
-0.375303 -0.857323 -1.01118 0.00526102 0.557206 -0.712193 -0.261698 -0.0337213 -0.902461 -0.0620174 
-0.856978 0.378628 -1.02441 -0.198215 0.758389 0.485662 -0.19046 -0.906665 -0.199291 0.0565075 
0.252248 -0.220683 0.0195641 -1.03755 0.0276367 0.0889214 -0.0466131 0.631906 -0.119109 0.795452 
-0.278481 -0.639612 -0.875314 0.0476551 0.723223 -1.00586 -0.752084 0.0175829 -0.196171 0.00678193 
-0.635442 0.279747 -0.292548 -0.233451 0.988104 0.640826 -0.276369 -0.161733 -0.0471422 0.062196 
0.367081 0.13532 -0.00980378 -0.806699 -0.147047 -0.161436 0.0253421 0.693932 0.810802 1.53656 
-0.195888 -0.4391 -0.720913 0.0746656 0.729094 -1.07726 -1.20224 -0.166458 0.827268 -0.0157078 
-0.445757 0.186785 0.727174 -0.252515 0.974696 0.739997 1.2157 0.804594 0.0148918 0.00875455 
0.292554 -0.0344118 -0.0199988 -0.786632 -0.106378 -0.124643 0.0373679 0.624037 0.258262 1.16609 
-0.194127 -0.439909 -0.734888 0.0602722 0.723763 -1.05286 -1.05586 -0.0893316 0.714049 -0.00546832 
-0.444618 0.190653 0.239725 -0.229064 0.973764 0.701205 0.371433 0.662035 0.0670451 -0.00291074 
0.223258 -0.200383 0.0193408 -0.800507 -0.116695 -0.0941865 -0.0172756 0.678894 -0.103932 1.10047 
-0.194253 -0.442227 -0.733767 0.0485309 0.733592 -1.04468 -1.05644 -0.061615 0.705665 0.0152608 
-0.447474 0.201097 -0.243854 -0.22304 0.980307 0.665139 -0.351484 0.647435 0.0750741 -0.00860005 
0.145078 -0.366478 -0.00221822 -0.820433 -0.135876 -0.116902 -0.0194223 0.879251 -0.639799 1.46674 
-0.195609 -0.444297 -0.73737 0.031796 0.758155 -1.04861 -1.18789 -0.00682375 0.778629 0.0397866 
-0.447404 0.206367 -0.740869 -0.240458 1.0593 0.637915 -1.2024 0.807522 0.152505 0.0447465 
0.295366 0.112927 -0.00336249 -0.582916 -0.406463 -0.0661807 0.0101033 0.30994 0.431803 1.59028 
-0.128708 -0.27416 -0.542715 0.0890923 0.602486 -0.911729 -1.229 -0.318294 1.39534 -0.00966866 
-0.267423 0.113589 0.552884 -0.235099 0.870885 0.632993 1.25758 1.44857 0.0823282 -0.0378175 
0.231704 -0.0232463 -0.019204 -0.568029 -0.285852 -0.163211 0.00273733 0.322542 0.138176 1.22764 
-0.122343 -0.264054 -0.540775 0.0549265 0.612989 -0.898924 -1.12009 -0.187033 1.30166 0.0145479 
-0.275814 0.123078 0.167903 -0.206758 0.851937 0.594675 0.381247 1.20618 0.136753 -0.0600917 
0.174649 -0.150157 0.023589 -0.559427 -0.228138 -0.254353 0.0173107 0.354479 -0.0564394 1.18862 
-0.118913 -0.267708 -0.538704 0.0411234 0.635223 -0.894932 -1.11876 -0.107815 1.32304 0.0145533 
-0.269747 0.121063 -0.173595 -0.191895 0.873902 0.560189 -0.390671 1.20038 0.216827 -0.0680042 
0.11324 -0.295209 0.000648545 -0.570244 -0.167862 -0.392676 -0.00530525 0.445943 -0.336464 1.46409 
-0.115335 -0.284371 -0.540517 -0.00425035 0.650449 -0.887558 -1.20783 -0.00591473 1.37607 0.0455808 
-0.270003 0.127036 -0.567084 -0.241733 0.926382 0.578304 -1.21399 1.4348 0.289364 -0.0416982 
0.0809318 -0.201742 0.0128304 -0.330124 -0.170374 -0.480754 0.0358776 -0.124128 0.0489334 1.19518 
-0.0527104 -0.145818 -0.354685 -0.0161313 0.445653 -0.608613 -0.951821 0.0182247 1.38203 0.0689491 
-0.138908 0.0669717 -0.34348 -0.164624 0.614123 0.393765 -0.923616 1.31024 0.291648 -0.0637175 
0.111018 0.0425938 0.00439832 -0.167963 -0.354478 0.0298314 0.000918941 -0.209773 -0.276011 0.652226 
-0.0295464 -0.0508851 -0.175182 0.0401523 0.196591 -0.261828 -0.523298 -0.140789 0.687719 -0.0229544 
-0.0491709 0.0143072 0.193292 -0.069162 0.260436 0.178929 0.581827 0.701972 0.0366739 0.0210049 
0.205716 0.0856793 0.0023359 -0.366726 -0.487777 0.0146393 -0.00541528 -0.0815591 -0.0948124 1.29111 
-0.0811278 -0.155478 -0.360524 0.08381 0.412619 -0.609479 -0.998197 -0.327945 1.25201 -0.0624613 
-0.143803 0.0606792 0.364882 -0.163744 0.597842 0.426773 1.04489 1.38465 0.0683652 -0.0260724 
0.165204 -0.0242696 -0.0238068 -0.351953 -0.339264 -0.165432 -0.0394735 -0.0703339 -0.00871689 0.997973 
-0.0660837 -0.140209 -0.353298 0.0389153 0.414134 -0.611898 -0.897197 -0.207638 1.23265 0.0160347 
-0.158011 0.0632457 0.11279 -0.122696 0.584306 0.410929 0.308809 1.09567 0.107701 -0.0922447 
0.0702905 -0.0536038 0.013036 -0.145342 -0.194064 -0.200692 0.0305116 -0.220249 -0.00369921 0.532484 
-0.0187402 -0.049622 -0.186638 -0.000533584 0.188039 -0.2749 -0.519448 -0.0495018 0.683856 0.0331833 
-0.0538145 0.0236369 -0.0479316 -0.0641381 0.263017 0.179288 -0.134149 0.572097 0.093616 -0.0110565 
0.0965056 -0.0151285 -0.0137466 -0.156231 -0.251241 -0.114324 -0.029202 -0.175555 -0.0685907 0.567808 
-0.0266413 -0.0552129 -0.204945 0.0288659 0.201295 -0.282074 -0.576387 -0.115264 0.696516 -0.0120082 
-0.0605922 0.0264123 0.0528515 -0.0597537 0.27 0.184859 0.16644 0.600761 0.0557596 -0.0202507 
0.122905 -0.106532 0.0201784 -0.343746 -0.252792 -0.271257 0.0356152 -0.0483775 -0.0246101 0.960647 
-0.0637195 -0.141812 -0.354576 0.020429 0.424887 -0.605664 -0.888163 -0.0982752 1.22331 0.0365974 
-0.154585 0.071563 -0.112236 -0.124555 0.587505 0.391577 -0.276943 1.05439 0.173814 -0.0985085 
0.0382295 -0.100101 -0.0119888 -0.153338 -0.0752866 -0.321144 -0.036633 -0.20652 0.211552 0.626526 
-0.0167811 -0.058172 -0.15569 -0.0107586 0.184623 -0.285988 -0.449712 -0.0449777 0.700914 0.0621762 
-0.0465823 0.0210596 -0.15866 -0.0688416 0.267904 0.162789 -0.462249 0.662478 0.165214 0.00835479 
-0.381463 0.0357769 -0.00478932 -1.08358 -1.11629 -0.47336 0.0416097 0.813815 0.410974 -0.712191 
-0.574845 -1.30888 1.17129 -0.016291 -0.144738 0.208517 -0.817674 0.0958698 -0.401756 -0.00762032 
-1.31069 0.571429 -0.384561 0.040798 -0.223334 -0.143909 0.255035 -0.320351 0.00416031 -0.0734105 
-0.287628 0.26448 0.0106053 -1.10189 -0.830835 -1.03836 -0.0579916 1.26459 -0.294429 -1.51611 
-0.677508 -1.54102 1.21405 -0.0296077 -0.546879 0.814946 -1.18843 -0.150554 0.574029 0.506552 
-1.54319 0.677733 0.410529 0.181274 -0.789994 -0.556269 -0.40906 0.655872 0.00773229 -0.655654 
-0.280581 0.249505 0.0118548 -1.06138 -0.768931 -0.958971 -0.0634792 0.868183 -0.2084 -0.889742 
-0.575999 -1.30747 1.16848 -0.00928431 -0.140622 0.214977 -0.794729 0.0316895 -0.404868 0.0589385 
-1.31183 0.578627 0.395852 0.0421697 -0.21364 -0.147913 -0.29508 -0.321174 -0.0337629 -0.09481 
-0.187081 0.490136 0.00439006 -1.06983 -0.440867 -1.53909 0.018541 1.21772 -1.00049 -1.64858 
-0.574356 -1.3169 1.18866 -0.00196409 -0.141397 0.238269 -0.947745 -0.0589157 -0.384377 0.254303 
-1.31134 0.574003 1.19051 0.0398067 -0.208368 -0.155116 -0.946094 -0.407885 -0.121266 -0.183175 
-0.18186 0.476958 0.00804494 -1.01794 -0.377423 -1.31292 -0.0188524 0.413455 -0.436502 -0.527962 
-0.472178 -1.0823 1.10714 0.0257912 0.264009 -0.32755 -0.278317 0.0331065 -1.09872 -0.0210454 
-1.08027 0.478387 1.11807 -0.104757 0.34364 0.203538 -0.377963 -1.01254 -0.228941 0.059174 
-0.264231 0.236589 0.0168973 -0.953749 -0.528535 -0.643993 -0.0643638 -0.196596 -0.00316481 0.299636 
-0.371106 -0.852576 1.00813 0.0446473 0.556764 -0.744653 0.250158 0.0442199 -0.887096 -0.0243947 
-0.854068 0.378826 0.333599 -0.214849 0.705202 0.460976 0.0935252 -0.718346 -0.113633 0.000726534 
-0.276017 0.248829 0.0136935 -1.01752 -0.670991 -0.82441 -0.063679 0.339695 -0.0855862 -0.297155 
-0.474089 -1.0755 1.09788 0.0202281 0.241345 -0.326261 -0.271347 0.090962 -0.975655 -0.0309986 
-1.08007 0.477632 0.365607 -0.100687 0.314827 0.201585 -0.0799867 -0.851493 -0.137487 0.0274078 
-0.171953 0.453605 -1.25388e-05 -0.968262 -0.304991 -0.985438 0.0287603 -0.299022 0.206833 0.358884 
-0.370138 -0.862121 1.01624 0.0494151 0.567278 -0.714505 0.284956 -0.0304828 -0.889321 0.0506129 
-0.85422 0.384617 1.01675 -0.224461 0.771552 0.473588 0.27844 -0.904777 -0.222202 0.0534218 
-0.37239 0.0361195 -0.00844972 -1.03757 -0.959788 -0.420908 0.0578004 0.321087 0.165738 -0.210943 
-0.471697 -1.08245 1.10029 0.0146578 0.229789 -0.333706 -0.286719 0.147511 -0.96458 -0.0261016 
-1.08191 0.477478 -0.356649 -0.104456 0.300962 0.215988 0.0524368 -0.865624 -0.0859866 0.0243887 
-0.244172 0.221687 0.0147767 -0.879206 -0.34521 -0.404112 -0.033928 -0.544091 0.0871876 0.823507 
-0.275156 -0.646874 0.879431 0.0632273 0.706779 -0.982547 0.76223 -0.00748565 -0.154081 -0.00708053 
-0.634905 0.281222 0.288646 -0.304635 0.963093 0.630385 0.277257 -0.132516 -0.0370669 -0.0599356 
-0.353176 0.0303184 -0.0102057 -0.970582 -0.73767 -0.347614 0.0498301 -0.16455 -0.0765586 0.352443 
-0.375764 -0.853605 1.01075 0.0357939 0.492327 -0.755427 0.247713 0.157747 -0.819047 -0.0751236 
-0.857433 0.374174 -0.326228 -0.225757 0.668439 0.486506 -0.122191 -0.706014 -0.0342193 -0.0410657 
-0.211773 0.193887 0.0177264 -0.780396 -0.14363 -0.159452 -0.0174127 -0.561366 0.0838413 1.10997 
-0.192333 -0.44265 0.719152 0.0708464 0.728306 -1.02434 1.10292 -0.0901283 0.705889 0.0207478 
-0.437515 0.189191 0.23107 -0.320894 0.992272 0.667662 0.368284 0.649247 0.0808338 -0.0718532 
-0.281545 0.0296624 -0.0139222 -0.780862 -0.151759 -0.143189 0.00935825 -0.545431 -0.279997 1.14069 
-0.193533 -0.442104 0.719862 0.0412823 0.708315 -1.05251 1.10929 -0.121313 0.707558 -0.0221981 
-0.444193 0.193953 -0.237555 -0.341054 0.976134 0.691608 -0.376641 0.669143 0.0685976 -0.0961847 
-0.417485 -0.156577 0.0053215 -0.924428 -0.585351 -0.0759562 -0.0554458 -0.576821 -0.798732 1.08296 
-0.282255 -0.646431 0.890442 0.034043 0.64102 -1.0145 0.841538 0.0490311 -0.121512 -0.135202 
-0.639517 0.283201 -0.891601 -0.310229 0.984703 0.69953 -0.808283 -0.179399 -0.026001 0.00900064 
-0.327585 0.0336081 -0.011409 -0.889431 -0.463283 -0.2495 0.0292126 -0.522545 -0.246123 0.835769 
-0.279177 -0.640085 0.878624 0.0444388 0.677007 -1.00737 0.771839 0.0241994 -0.161366 -0.0671517 
-0.639919 0.280786 -0.295321 -0.315308 0.932487 0.649189 -0.239222 -0.138494 -0.00272274 -0.0786447 
-0.173626 0.152944 0.0172187 -0.644645 -0.00448044 0.00966018 0.00929652 -0.318423 0.0571239 1.13749 
-0.119099 -0.271139 0.557971 0.0512267 0.621193 -0.871166 1.15255 -0.128284 1.25651 0.038775 
-0.27161 0.121722 0.182231 -0.274693 0.839088 0.568288 0.390381 1.16882 0.161621 -0.0292794 
-0.231452 0.0202233 -0.0153716 -0.640336 0.049224 -0.0585067 -0.0107233 -0.31172 -0.153168 1.14536 
-0.118435 -0.277782 0.561919 0.0373367 0.606155 -0.890015 1.1569 -0.180554 1.25104 0.0412898 
-0.276533 0.117538 -0.176431 -0.290525 0.828398 0.568884 -0.361088 1.16065 0.144435 -0.0376484 
-0.125913 0.118025 0.0202011 -0.473671 0.0929098 0.119999 0.0347652 0.0612286 0.00610833 0.921658 
-0.0595205 -0.146475 0.356248 0.03818 0.424873 -0.59519 0.918298 -0.100927 1.21867 0.0394315 
-0.146166 0.0669277 0.111279 -0.212503 0.57241 0.38666 0.293778 1.08801 0.166255 0.0496623 
-0.164534 0.0231728 -0.0197633 -0.470311 0.17961 0.0176711 -0.030357 0.0607626 -0.00657818 0.929925 
-0.0664285 -0.138666 0.366415 0.0252661 0.411796 -0.614972 0.949869 -0.209833 1.2321 0.0623305 
-0.155036 0.0652784 -0.113999 -0.214765 0.569516 0.392314 -0.283904 1.11144 0.117709 0.0250011 
-0.0653144 0.047756 0.0156133 -0.257574 0.0978232 0.114604 0.038032 0.185196 -0.00716552 0.515541 
-0.0238687 -0.0472951 0.184064 0.0182409 0.195935 -0.274279 0.528056 -0.0545281 0.681099 0.0356998 
-0.0529949 0.030067 0.0519301 -0.117858 0.259245 0.180823 0.152675 0.601417 0.084124 0.0508889 
-0.0963348 0.0178178 -0.014385 -0.258256 0.17848 0.0452103 -0.028785 0.199057 0.0617518 0.522658 
-0.025361 -0.0499847 0.195702 0.00785682 0.195059 -0.279923 0.566807 -0.115275 0.694845 0.039381 
-0.0538448 0.0211717 -0.0523784 -0.107449 0.264093 0.175123 -0.148137 0.617052 0.0700742 0.0183228 
0.00214562 0.00459413 0.00167206 -1.20161 -0.207158 -0.208333 -0.00110044 0.00669817 0.00584427 -0.219824 
-0.524151 -1.19381 0.005087 0.00243301 0.0454609 -0.0631045 -0.0152322 0.0760973 -0.646926 -0.0100835 
-1.19312 0.520634 0.00367883 -0.0250548 0.0597796 0.0424869 -0.00679509 -0.645674 -0.0687358 0.021945 
0.00136172 0.0127451 0.000413714 -0.492734 -0.0778265 -0.0776289 0.00112615 0.0414618 -0.00147443 0.924515 
-0.0743849 -0.221407 -0.0076307 0.0379101 0.497604 -0.722477 0.0195309 -0.141555 1.21419 0.0302034 
-0.179066 0.0652342 0.00666468 -0.209525 0.708251 0.481514 0.0238865 1.23449 0.170113 -0.0310057 
0.000117775 0.00970673 0.000260982 -0.857264 -0.142149 -0.16431 -0.00130639 -0.0065083 -0.00552886 0.838078 
-0.231139 -0.548805 0.00616675 0.0463041 0.697733 -1.00412 0.0223494 -0.0339328 0.267856 -0.0246348 
-0.530609 0.234143 0.0106876 -0.306494 1.00613 0.676407 -0.0139494 0.250236 0.0239819 -0.060978 
0.0260075 -0.0235941 0.00102719 -1.07691 -0.160876 -0.174807 0.0028921 0.0202875 -0.00468379 0.307914 
-0.37387 -0.848718 -0.0449361 0.0366567 0.518178 -0.743016 -0.0330186 0.0954383 -0.770901 -0.0302698 
-0.851159 0.375612 0.00359467 -0.206205 0.725957 0.491583 -0.00763504 -0.776511 -0.1018 0.037298 
0.0649176 -0.078859 1.46338e-05 -0.667333 -0.128629 -0.145308 0.00520966 0.179366 -0.0567545 1.00684 
-0.157665 -0.341327 -0.204958 0.0437165 0.658287 -0.945387 -0.354565 -0.106011 0.942538 0.00582141 
-0.349682 0.159561 -0.0970979 -0.261795 0.938431 0.63921 -0.184456 0.93977 0.120223 -0.0569139
0 0 0 0 0 0 0 0 0 0 
0 0 0 0 0 0 0 0 0 0 
0 0 0 0 0 0 0 0 0 0 
0 0 0 0 0 0 0 0 0 0 
0 0 0 0 0 0 0 0 0 0 
0 0 0 0 0 0 0 0 0 0 
0 0 0 0 0 0 0 0 0 0 
0 0 0 0 0 0 0 0 0 0 
0 0 0 0 0 0 0 0 0 0 
0 0 0 0 0 0 0 0 0 0 
0 0 0 0 0 0 0 0 0 0 
0 0 0 0 0 0 0 0 0 0 
0 0 0 0 0 0 0 0 0 0 
0 0 0 0 0 0 0 0 0 0 
0 0 0 0 0 0 0 0 0 0 
0 0 0 0 0 0 0 0 0 0 
0 0 0 0 0 0 0 0 0 0 
0 0 0 0 0 0 0 0 0 0 
0 0 0 0 0 0 0 0 0 0 
0 0 0 0 0 0 0 0 0 0 
0 0 0 0 0 0 0 0 0 0 
0 0 0 0 0 0 0 0 0 0 
0 0 0 0 0 0 0 0 0 0 
0 0 0 0 0 0 0 0 0 0 
0 0 0 0 0 0 0 0 0 0 
0 0 0 0 0 0 0 0 0 0 
0 0 0 0 0 0 0 0 0 0 
0 0 0 0 0 0 0 0 0 0 
0 0 0 0 0 0 0 0 0 0 
0 0 0 0 0 0 0 0 0 0 
0 0 0 0 0 0 0 0 0 0 
0 0 0 0 0 0 0 0 0 0 
0 0 0 0 0 0 0 0 0 0 
0 0 0 0 0 0 0 0 0 0 
0 0 0 0 0 0 0 0 0 0 
0 0 0 0 0 0 0 0 0 0 
0 0 0 0 0 0 0 0 0 0 
0 0 0 0 0 0 0 0 0 0 
0 0 0 0 0 0 0 0 0 0 
0 0 0 0 0 0 0 0 0 0 
0 0 0 0 0 0 0 0 0 0 
0 0 0 0 0 0 0 0 0 0 
0 0 0 0 0 0 0 0 0 0 
0 0 0 0 0 0 0 0 0 0 
0 0 0 0 0 0 0 0 0 0 
0 0 0 0 0 0 0 0 0 0 
0 0 0 0 0 0 0 0 0 0 
0 0 0 0 0 0 0 0 0 0 
